    1           0 
    2           0 
    3           0 
    4           1 
    5          46 
    6         121 
    7         115 
    8          89 
    9          72 
   10          52 
   11          52 
   12          50 
   13          56 
   14          65 
   15          55 
   16          62 
   17          58 
   18          75 
   19          65 
   20          53 
   21          65 
   22          56 
   23          55 
   24          70 
   25          50 
   26          62 
   27          54 
   28          48 
   29          56 
   30          55 
   31          49 
   32          51 
   33          46 
   34          43 
   35          31 
   36          42 
   37          44 
   38          46 
   39          39 
   40          38 
   41          32 
   42          27 
   43          23 
   44          24 
   45          27 
   46          28 
   47          22 
   48          25 
   49          28 
   50          24 
   51          21 
   52          27 
   53          38 
   54          31 
   55          49 
   56          44 
   57          45 
   58          60 
   59          44 
   60          68 
   61          67 
   62          53 
   63          58 
   64          62 
   65          60 
   66          52 
   67          58 
   68          46 
   69          45 
   70          36 
   71          43 
   72          43 
   73          47 
   74          32 
   75          35 
   76          38 
   77          30 
   78          28 
   79          26 
   80          14 
   81          22 
   82          27 
   83          18 
   84          29 
   85          12 
   86          12 
   87          10 
   88           8 
   89           8 
   90           4 
   91           7 
   92          10 
   93           8 
   94           7 
   95           6 
   96           3 
   97           4 
   98           3 
   99           2 
  100           5 
  101           7 
  102           3 
  103           2 
  104           4 
  105           1 
  106           5 
  107           3 
  108           0 
  109           5 
  110           2 
  111           5 
  112           1 
  113           3 
  114           0 
  115           0 
  116           1 
  117           1 
  118           2 
  119           1 
  120           1 
  121           1 
  122           4 
  123           0 
  124           0 
  125           1 
  126           2 
  127           0 
  128           2 
  129           1 
  130           0 
  131           2 
  132           2 
  133           0 
  134           1 
  135           0 
  136           2 
  137           0 
  138           1 
  139           1 
  140           0 
  141           0 
  142           1 
  143           1 
  144           0 
  145           1 
  146           1 
  147           1 
  148           2 
  149           2 
  150           1 
  151           1 
  152           4 
  153           0 
  154           0 
  155           0 
  156           0 
  157           2 
  158           3 
  159           0 
  160           0 
  161           0 
  162           0 
  163           1 
  164           0 
  165           0 
  166           0 
  167           0 
  168           0 
  169           2 
  170           0 
  171           0 
  172           0 
  173           1 
  174           1 
  175           0 
  176           0 
  177           2 
  178           0 
  179           2 
  180           0 
  181           1 
  182           1 
  183           0 
  184           1 
  185           0 
  186           0 
  187           0 
  188           0 
  189           0 
  190           0 
  191           0 
  192           1 
  193           0 
  194           0 
  195           0 
  196           0 
  197           1 
  198           0 
  199           0 
  200           1 
  201           1 
  202           0 
  203           0 
  204           0 
  205           1 
  206           1 
  207           0 
  208           0 
  209           1 
  210           0 
  211           0 
  212           0 
  213           0 
  214           0 
  215           0 
  216           0 
  217           1 
  218           0 
  219           1 
  220           0 
  221           0 
  222           0 
  223           0 
  224           1 
  225           0 
  226           0 
  227           1 
  228           0 
  229           0 
  230           0 
  231           0 
  232           2 
  233           0 
  234           1 
  235           0 
  236           1 
  237           0 
  238           0 
  239           2 
  240           0 
  241           0 
  242           0 
  243           0 
  244           1 
  245           0 
  246           0 
  247           0 
  248           1 
  249           0 
  250           2 
  251           1 
  252           0 
  253           2 
  254           0 
  255           0 
  256           0 
  257           0 
  258           0 
  259           1 
  260           0 
  261           2 
  262           0 
  263           1 
  264           0 
  265           0 
  266           0 
  267           0 
  268           0 
  269           0 
  270           1 
  271           0 
  272           0 
  273           0 
  274           1 
  275           1 
  276           1 
  277           1 
  278           0 
  279           1 
  280           1 
  281           0 
  282           0 
  283           1 
  284           0 
  285           1 
  286           0 
  287           2 
  288           0 
  289           0 
  290           0 
  291           0 
  292           0 
  293           0 
  294           0 
  295           0 
  296           0 
  297           0 
  298           0 
  299           1 
  300           0 
  301           0 
  302           0 
  303           0 
  304           0 
  305           0 
  306           0 
  307           0 
  308           0 
  309           1 
  310           0 
  311           0 
  312           0 
  313           0 
  314           0 
  315           0 
  316           0 
  317           0 
  318           0 
  319           0 
  320           0 
  321           0 
  322           0 
  323           0 
  324           0 
  325           0 
  326           1 
  327           0 
  328           0 
  329           1 
  330           0 
  331           1 
  332           0 
  333           0 
  334           0 
  335           0 
  336           0 
  337           0 
  338           1 
  339           0 
  340           0 
  341           0 
  342           0 
  343           1 
  344           0 
  345           0 
  346           0 
  347           0 
  348           0 
  349           0 
  350           0 
  351           0 
  352           0 
  353           0 
  354           0 
  355           0 
  356           0 
  357           0 
  358           0 
  359           0 
  360           0 
  361           0 
  362           0 
  363           0 
  364           0 
  365           0 
  366           0 
  367           0 
  368           0 
  369           1 
  370           0 
  371           1 
  372           0 
  373           0 
  374           0 
  375           0 
  376           0 
  377           0 
  378           0 
  379           0 
  380           0 
  381           0 
  382           1 
  383           0 
  384           1 
  385           0 
  386           0 
  387           1 
  388           0 
  389           0 
  390           0 
  391           0 
  392           0 
  393           0 
  394           0 
  395           0 
  396           0 
  397           0 
  398           0 
  399           0 
  400           1 
  401           0 
  402           0 
  403           0 
  404           0 
  405           0 
  406           0 
  407           0 
  408           0 
  409           0 
  410           0 
  411           0 
  412           0 
  413           0 
  414           1 
  415           0 
  416           0 
  417           0 
  418           0 
  419           0 
  420           0 
  421           0 
  422           0 
  423           0 
  424           0 
  425           0 
  426           0 
  427           0 
  428           0 
  429           0 
  430           1 
  431           0 
  432           0 
  433           0 
  434           0 
  435           0 
  436           0 
  437           0 
  438           0 
  439           0 
  440           0 
  441           0 
  442           0 
  443           0 
  444           0 
  445           0 
  446           0 
  447           0 
  448           0 
  449           0 
  450           0 
  451           0 
  452           0 
  453           0 
  454           0 
  455           0 
  456           0 
  457           1 
  458           0 
  459           0 
  460           0 
  461           0 
  462           0 
  463           0 
  464           0 
  465           0 
  466           0 
  467           0 
  468           0 
  469           0 
  470           0 
  471           0 
  472           0 
  473           0 
  474           0 
  475           0 
  476           0 
  477           0 
  478           0 
  479           0 
  480           0 
  481           0 
  482           0 
  483           0 
  484           0 
  485           0 
  486           0 
  487           0 
  488           0 
  489           0 
  490           0 
  491           0 
  492           0 
  493           0 
  494           0 
  495           0 
  496           0 
  497           0 
  498           0 
  499           0 
  500           0 
  501           0 
  502           0 
  503           0 
  504           0 
  505           0 
  506           0 
  507           0 
  508           0 
  509           0 
  510           0 
  511           0 
  512           0 
