    1        9889 
    2       16724 
    3       28529 
    4       50133 
    5      104859 
    6      183002 
    7      216114 
    8      227606 
    9      234398 
   10      238237 
   11      242077 
   12      245336 
   13      249580 
   14      251373 
   15      255580 
   16      259507 
   17      261460 
   18      264115 
   19      267210 
   20      271203 
   21      276022 
   22      277787 
   23      282422 
   24      287467 
   25      290226 
   26      294056 
   27      297440 
   28      298705 
   29      301292 
   30      302253 
   31      303474 
   32      305235 
   33      305237 
   34      304403 
   35      304799 
   36      305109 
   37      306767 
   38      306897 
   39      307627 
   40      309743 
   41      309320 
   42      310376 
   43      311386 
   44      312518 
   45      314673 
   46      315307 
   47      317732 
   48      318160 
   49      320244 
   50      321092 
   51      324431 
   52      324531 
   53      327746 
   54      328914 
   55      331493 
   56      333535 
   57      334535 
   58      335210 
   59      339204 
   60      338712 
   61      342104 
   62      342626 
   63      343899 
   64      344945 
   65      344322 
   66      343517 
   67      342942 
   68      341292 
   69      338648 
   70      334365 
   71      330186 
   72      324248 
   73      319335 
   74      311436 
   75      304689 
   76      295167 
   77      289522 
   78      281932 
   79      276883 
   80      271390 
   81      265969 
   82      261789 
   83      257935 
   84      255280 
   85      254129 
   86      252146 
   87      253294 
   88      255868 
   89      257678 
   90      260150 
   91      265427 
   92      268069 
   93      275522 
   94      282395 
   95      289412 
   96      299434 
   97      310287 
   98      320946 
   99      333404 
  100      346690 
  101      363810 
  102      377647 
  103      394005 
  104      411734 
  105      426487 
  106      441238 
  107      455519 
  108      464551 
  109      473580 
  110      479676 
  111      478695 
  112      479429 
  113      471942 
  114      463382 
  115      454037 
  116      436372 
  117      422719 
  118      404448 
  119      387174 
  120      372249 
  121      353706 
  122      336358 
  123      321262 
  124      305551 
  125      292583 
  126      280790 
  127      269296 
  128      259811 
  129      249056 
  130      240460 
  131      231809 
  132      224303 
  133      217896 
  134      211398 
  135      206360 
  136      201258 
  137      195969 
  138      189503 
  139      184703 
  140      180470 
  141      177175 
  142      171435 
  143      169146 
  144      164984 
  145      160617 
  146      157598 
  147      153748 
  148      148938 
  149      146402 
  150      142228 
  151      139869 
  152      137088 
  153      133962 
  154      129984 
  155      126784 
  156      123820 
  157      120941 
  158      117524 
  159      115536 
  160      112896 
  161      110053 
  162      107624 
  163      104614 
  164      102264 
  165       99722 
  166       97788 
  167       94955 
  168       93396 
  169       90874 
  170       88574 
  171       87132 
  172       84691 
  173       82631 
  174       80750 
  175       78748 
  176       77407 
  177       75773 
  178       73789 
  179       72647 
  180       71592 
  181       69206 
  182       68272 
  183       66735 
  184       65486 
  185       63813 
  186       62839 
  187       61463 
  188       59800 
  189       58874 
  190       57859 
  191       56452 
  192       55474 
  193       54271 
  194       53119 
  195       52406 
  196       51061 
  197       50196 
  198       48909 
  199       48297 
  200       47075 
  201       46262 
  202       45763 
  203       44635 
  204       43783 
  205       43197 
  206       42371 
  207       41325 
  208       40867 
  209       40386 
  210       39521 
  211       39129 
  212       38000 
  213       37722 
  214       37278 
  215       36349 
  216       36122 
  217       35547 
  218       34741 
  219       34401 
  220       33810 
  221       33492 
  222       32631 
  223       32365 
  224       32120 
  225       31323 
  226       30770 
  227       30506 
  228       30212 
  229       29145 
  230       28942 
  231       28183 
  232       27422 
  233       27202 
  234       26464 
  235       25896 
  236       24909 
  237       24435 
  238       24014 
  239       23493 
  240       22966 
  241       22143 
  242       21779 
  243       20939 
  244       20821 
  245       19854 
  246       19721 
  247       18905 
  248       18404 
  249       18239 
  250       17389 
  251       16629 
  252       16605 
  253       15941 
  254       15874 
  255       15078 
  256       14728 
  257       14178 
  258       13866 
  259       13523 
  260       12857 
  261       12908 
  262       12388 
  263       12074 
  264       11760 
  265       11238 
  266       11167 
  267       10837 
  268       10566 
  269       10173 
  270       10029 
  271        9778 
  272        9516 
  273        9330 
  274        9053 
  275        8777 
  276        8410 
  277        8099 
  278        7915 
  279        7700 
  280        7579 
  281        7366 
  282        7221 
  283        6829 
  284        6890 
  285        6556 
  286        6450 
  287        6115 
  288        6031 
  289        5860 
  290        5663 
  291        5570 
  292        5414 
  293        5218 
  294        5135 
  295        4923 
  296        4842 
  297        4690 
  298        4534 
  299        4485 
  300        4307 
  301        4287 
  302        4026 
  303        3999 
  304        3904 
  305        3769 
  306        3719 
  307        3604 
  308        3424 
  309        3462 
  310        3362 
  311        3195 
  312        3139 
  313        2972 
  314        2933 
  315        2876 
  316        2775 
  317        2767 
  318        2635 
  319        2605 
  320        2499 
  321        2472 
  322        2440 
  323        2348 
  324        2208 
  325        2242 
  326        2210 
  327        2174 
  328        2063 
  329        2043 
  330        1986 
  331        1973 
  332        1889 
  333        1819 
  334        1822 
  335        1714 
  336        1677 
  337        1646 
  338        1566 
  339        1546 
  340        1469 
  341        1505 
  342        1443 
  343        1467 
  344        1419 
  345        1381 
  346        1271 
  347        1301 
  348        1204 
  349        1201 
  350        1193 
  351        1172 
  352        1110 
  353        1108 
  354        1073 
  355        1041 
  356        1033 
  357         958 
  358         960 
  359         956 
  360         908 
  361         867 
  362         868 
  363         877 
  364         799 
  365         780 
  366         750 
  367         729 
  368         684 
  369         701 
  370         676 
  371         637 
  372         616 
  373         647 
  374         560 
  375         597 
  376         565 
  377         543 
  378         565 
  379         490 
  380         465 
  381         515 
  382         514 
  383         465 
  384         466 
  385         421 
  386         425 
  387         420 
  388         403 
  389         403 
  390         392 
  391         348 
  392         359 
  393         352 
  394         347 
  395         328 
  396         306 
  397         318 
  398         306 
  399         306 
  400         258 
  401         266 
  402         285 
  403         247 
  404         260 
  405         240 
  406         214 
  407         225 
  408         215 
  409         235 
  410         224 
  411         199 
  412         199 
  413         193 
  414         208 
  415         160 
  416         180 
  417         154 
  418         150 
  419         147 
  420         146 
  421         157 
  422         169 
  423         133 
  424         129 
  425         159 
  426         125 
  427         128 
  428         121 
  429         108 
  430         116 
  431         110 
  432         101 
  433         113 
  434          92 
  435          91 
  436         103 
  437          82 
  438          86 
  439          85 
  440          80 
  441          72 
  442          72 
  443          77 
  444          61 
  445          79 
  446          69 
  447          65 
  448          61 
  449          57 
  450          51 
  451          63 
  452          51 
  453          60 
  454          58 
  455          53 
  456          44 
  457          49 
  458          42 
  459          60 
  460          56 
  461          30 
  462          40 
  463          38 
  464          46 
  465          25 
  466          35 
  467          49 
  468          33 
  469          32 
  470          33 
  471          34 
  472          41 
  473          44 
  474          40 
  475          34 
  476          24 
  477          26 
  478          30 
  479          25 
  480          33 
  481          24 
  482          22 
  483          18 
  484          25 
  485          20 
  486          19 
  487          19 
  488          20 
  489          12 
  490          24 
  491          25 
  492           8 
  493          10 
  494          18 
  495          12 
  496          15 
  497          21 
  498          10 
  499          10 
  500          15 
  501           9 
  502           1 
  503           0 
  504           0 
  505           0 
  506           0 
  507           0 
  508           0 
  509           0 
  510           0 
  511           0 
  512           0 
