    1           0 
    2           0 
    3           1 
    4           0 
    5          27 
    6          83 
    7          66 
    8          65 
    9          49 
   10          39 
   11          42 
   12          42 
   13          35 
   14          32 
   15          50 
   16          42 
   17          51 
   18          45 
   19          51 
   20          38 
   21          39 
   22          47 
   23          39 
   24          50 
   25          47 
   26          40 
   27          31 
   28          45 
   29          39 
   30          28 
   31          32 
   32          28 
   33          29 
   34          27 
   35          19 
   36          21 
   37          23 
   38          32 
   39          21 
   40          18 
   41          21 
   42          27 
   43          26 
   44          33 
   45          18 
   46          32 
   47          29 
   48          45 
   49          31 
   50          35 
   51          56 
   52          56 
   53          43 
   54          61 
   55          54 
   56          52 
   57          51 
   58          39 
   59          45 
   60          28 
   61          32 
   62          29 
   63          25 
   64          31 
   65          28 
   66          33 
   67          30 
   68          21 
   69          20 
   70          18 
   71          18 
   72          21 
   73           9 
   74          25 
   75          13 
   76           8 
   77           7 
   78          12 
   79          10 
   80           9 
   81           5 
   82           3 
   83           2 
   84           2 
   85           3 
   86           7 
   87           7 
   88           1 
   89           5 
   90           3 
   91           4 
   92           3 
   93           2 
   94           2 
   95           1 
   96           2 
   97           5 
   98           1 
   99           3 
  100           0 
  101           1 
  102           3 
  103           0 
  104           3 
  105           1 
  106           0 
  107           3 
  108           1 
  109           4 
  110           0 
  111           2 
  112           0 
  113           1 
  114           0 
  115           0 
  116           0 
  117           3 
  118           1 
  119           1 
  120           1 
  121           0 
  122           2 
  123           1 
  124           0 
  125           1 
  126           1 
  127           0 
  128           0 
  129           1 
  130           0 
  131           0 
  132           1 
  133           0 
  134           1 
  135           1 
  136           1 
  137           1 
  138           0 
  139           0 
  140           3 
  141           1 
  142           0 
  143           1 
  144           2 
  145           1 
  146           2 
  147           0 
  148           1 
  149           1 
  150           1 
  151           1 
  152           0 
  153           0 
  154           0 
  155           3 
  156           1 
  157           0 
  158           0 
  159           0 
  160           1 
  161           2 
  162           1 
  163           0 
  164           1 
  165           0 
  166           1 
  167           1 
  168           0 
  169           2 
  170           1 
  171           1 
  172           0 
  173           0 
  174           1 
  175           0 
  176           1 
  177           0 
  178           0 
  179           0 
  180           0 
  181           2 
  182           0 
  183           1 
  184           3 
  185           0 
  186           0 
  187           1 
  188           0 
  189           1 
  190           0 
  191           0 
  192           0 
  193           0 
  194           2 
  195           3 
  196           1 
  197           0 
  198           0 
  199           1 
  200           0 
  201           0 
  202           2 
  203           1 
  204           2 
  205           0 
  206           0 
  207           0 
  208           0 
  209           0 
  210           0 
  211           0 
  212           0 
  213           0 
  214           0 
  215           0 
  216           0 
  217           0 
  218           1 
  219           0 
  220           0 
  221           0 
  222           0 
  223           0 
  224           0 
  225           0 
  226           0 
  227           0 
  228           0 
  229           0 
  230           0 
  231           0 
  232           0 
  233           0 
  234           1 
  235           0 
  236           1 
  237           0 
  238           0 
  239           1 
  240           0 
  241           1 
  242           1 
  243           0 
  244           0 
  245           1 
  246           0 
  247           3 
  248           1 
  249           0 
  250           0 
  251           0 
  252           0 
  253           0 
  254           0 
  255           0 
  256           0 
  257           0 
  258           0 
  259           0 
  260           0 
  261           0 
  262           0 
  263           0 
  264           0 
  265           1 
  266           1 
  267           0 
  268           0 
  269           1 
  270           0 
  271           0 
  272           0 
  273           0 
  274           1 
  275           0 
  276           1 
  277           0 
  278           0 
  279           0 
  280           0 
  281           0 
  282           1 
  283           0 
  284           0 
  285           0 
  286           0 
  287           0 
  288           0 
  289           0 
  290           0 
  291           0 
  292           0 
  293           1 
  294           0 
  295           0 
  296           0 
  297           0 
  298           0 
  299           0 
  300           0 
  301           0 
  302           0 
  303           1 
  304           0 
  305           0 
  306           0 
  307           0 
  308           0 
  309           0 
  310           0 
  311           0 
  312           0 
  313           0 
  314           0 
  315           0 
  316           0 
  317           0 
  318           0 
  319           0 
  320           0 
  321           0 
  322           0 
  323           0 
  324           0 
  325           0 
  326           0 
  327           0 
  328           0 
  329           0 
  330           0 
  331           0 
  332           0 
  333           0 
  334           0 
  335           0 
  336           0 
  337           0 
  338           0 
  339           0 
  340           0 
  341           0 
  342           0 
  343           0 
  344           0 
  345           0 
  346           0 
  347           1 
  348           0 
  349           0 
  350           0 
  351           0 
  352           0 
  353           1 
  354           0 
  355           0 
  356           0 
  357           0 
  358           1 
  359           1 
  360           1 
  361           0 
  362           0 
  363           0 
  364           0 
  365           0 
  366           0 
  367           0 
  368           0 
  369           0 
  370           0 
  371           0 
  372           0 
  373           0 
  374           0 
  375           0 
  376           0 
  377           0 
  378           0 
  379           0 
  380           0 
  381           0 
  382           0 
  383           0 
  384           0 
  385           0 
  386           1 
  387           0 
  388           0 
  389           0 
  390           0 
  391           0 
  392           0 
  393           0 
  394           0 
  395           0 
  396           0 
  397           0 
  398           0 
  399           0 
  400           0 
  401           0 
  402           0 
  403           0 
  404           0 
  405           0 
  406           0 
  407           0 
  408           0 
  409           0 
  410           0 
  411           0 
  412           0 
  413           0 
  414           1 
  415           0 
  416           0 
  417           0 
  418           0 
  419           0 
  420           0 
  421           0 
  422           0 
  423           0 
  424           0 
  425           1 
  426           1 
  427           0 
  428           0 
  429           0 
  430           0 
  431           0 
  432           0 
  433           0 
  434           0 
  435           0 
  436           0 
  437           0 
  438           0 
  439           1 
  440           0 
  441           0 
  442           0 
  443           0 
  444           0 
  445           0 
  446           0 
  447           0 
  448           0 
  449           0 
  450           1 
  451           0 
  452           0 
  453           0 
  454           0 
  455           0 
  456           0 
  457           0 
  458           0 
  459           0 
  460           0 
  461           0 
  462           0 
  463           0 
  464           0 
  465           0 
  466           0 
  467           0 
  468           0 
  469           0 
  470           0 
  471           0 
  472           0 
  473           0 
  474           0 
  475           0 
  476           0 
  477           0 
  478           1 
  479           0 
  480           1 
  481           0 
  482           0 
  483           0 
  484           0 
  485           0 
  486           0 
  487           0 
  488           0 
  489           0 
  490           0 
  491           0 
  492           0 
  493           0 
  494           0 
  495           0 
  496           0 
  497           1 
  498           0 
  499           0 
  500           0 
  501           0 
  502           0 
  503           0 
  504           0 
  505           0 
  506           0 
  507           0 
  508           0 
  509           0 
  510           0 
  511           0 
  512           0 
