    1           0 
    2           0 
    3           0 
    4           0 
    5          90 
    6         248 
    7         207 
    8         180 
    9         142 
   10         114 
   11         102 
   12         110 
   13          98 
   14         110 
   15         112 
   16         130 
   17         106 
   18         129 
   19         119 
   20         124 
   21         115 
   22         135 
   23         148 
   24         123 
   25          92 
   26         124 
   27         122 
   28         135 
   29         103 
   30          98 
   31          94 
   32         111 
   33         102 
   34          94 
   35          92 
   36          95 
   37         100 
   38         103 
   39         101 
   40          79 
   41          79 
   42          85 
   43          93 
   44          71 
   45          84 
   46          83 
   47         102 
   48          93 
   49          92 
   50          88 
   51          85 
   52          65 
   53          56 
   54          69 
   55          64 
   56          47 
   57          40 
   58          35 
   59          46 
   60          44 
   61          57 
   62          42 
   63          38 
   64          31 
   65          49 
   66          35 
   67          46 
   68          35 
   69          30 
   70          44 
   71          44 
   72          51 
   73          48 
   74          58 
   75          65 
   76          58 
   77          70 
   78          76 
   79          65 
   80          96 
   81         105 
   82          80 
   83         118 
   84         100 
   85         116 
   86         110 
   87         104 
   88          96 
   89          99 
   90          94 
   91          86 
   92          69 
   93          82 
   94          66 
   95          74 
   96          55 
   97          55 
   98          59 
   99          48 
  100          45 
  101          43 
  102          31 
  103          32 
  104          28 
  105          21 
  106          22 
  107          20 
  108          15 
  109          21 
  110          15 
  111          20 
  112          18 
  113          18 
  114          14 
  115          17 
  116          10 
  117          12 
  118          17 
  119           7 
  120           6 
  121          10 
  122           8 
  123           5 
  124          14 
  125          14 
  126          10 
  127           8 
  128           3 
  129           7 
  130           8 
  131           3 
  132           1 
  133           3 
  134           4 
  135           3 
  136           2 
  137           3 
  138           6 
  139           2 
  140           3 
  141           1 
  142           0 
  143           0 
  144           0 
  145           0 
  146           2 
  147           1 
  148           0 
  149           2 
  150           0 
  151           1 
  152           1 
  153           2 
  154           0 
  155           0 
  156           0 
  157           1 
  158           0 
  159           2 
  160           0 
  161           1 
  162           1 
  163           2 
  164           0 
  165           1 
  166           1 
  167           0 
  168           0 
  169           0 
  170           0 
  171           0 
  172           1 
  173           3 
  174           0 
  175           1 
  176           1 
  177           0 
  178           1 
  179           0 
  180           1 
  181           1 
  182           0 
  183           1 
  184           2 
  185           0 
  186           0 
  187           0 
  188           1 
  189           0 
  190           0 
  191           1 
  192           1 
  193           0 
  194           1 
  195           1 
  196           1 
  197           1 
  198           1 
  199           0 
  200           1 
  201           0 
  202           1 
  203           1 
  204           0 
  205           0 
  206           0 
  207           0 
  208           1 
  209           0 
  210           0 
  211           0 
  212           0 
  213           1 
  214           0 
  215           0 
  216           0 
  217           1 
  218           0 
  219           0 
  220           0 
  221           0 
  222           1 
  223           0 
  224           0 
  225           0 
  226           1 
  227           0 
  228           3 
  229           0 
  230           0 
  231           0 
  232           0 
  233           1 
  234           0 
  235           0 
  236           0 
  237           0 
  238           2 
  239           1 
  240           0 
  241           1 
  242           2 
  243           1 
  244           0 
  245           0 
  246           0 
  247           0 
  248           1 
  249           0 
  250           0 
  251           0 
  252           1 
  253           0 
  254           1 
  255           0 
  256           0 
  257           0 
  258           0 
  259           0 
  260           0 
  261           1 
  262           2 
  263           1 
  264           0 
  265           0 
  266           0 
  267           0 
  268           0 
  269           0 
  270           0 
  271           0 
  272           0 
  273           0 
  274           1 
  275           0 
  276           1 
  277           0 
  278           0 
  279           0 
  280           0 
  281           0 
  282           1 
  283           1 
  284           0 
  285           0 
  286           1 
  287           0 
  288           0 
  289           0 
  290           0 
  291           0 
  292           0 
  293           0 
  294           0 
  295           0 
  296           0 
  297           0 
  298           0 
  299           0 
  300           1 
  301           0 
  302           0 
  303           0 
  304           0 
  305           0 
  306           0 
  307           0 
  308           0 
  309           0 
  310           0 
  311           1 
  312           0 
  313           0 
  314           0 
  315           0 
  316           0 
  317           1 
  318           0 
  319           0 
  320           0 
  321           0 
  322           0 
  323           0 
  324           0 
  325           0 
  326           0 
  327           0 
  328           0 
  329           0 
  330           0 
  331           1 
  332           0 
  333           1 
  334           0 
  335           0 
  336           0 
  337           0 
  338           0 
  339           0 
  340           0 
  341           0 
  342           0 
  343           0 
  344           0 
  345           0 
  346           0 
  347           0 
  348           0 
  349           0 
  350           0 
  351           0 
  352           0 
  353           0 
  354           0 
  355           0 
  356           0 
  357           0 
  358           0 
  359           0 
  360           0 
  361           0 
  362           0 
  363           0 
  364           0 
  365           0 
  366           0 
  367           0 
  368           0 
  369           0 
  370           0 
  371           0 
  372           0 
  373           0 
  374           0 
  375           0 
  376           0 
  377           0 
  378           0 
  379           0 
  380           0 
  381           0 
  382           0 
  383           0 
  384           0 
  385           0 
  386           1 
  387           0 
  388           0 
  389           0 
  390           0 
  391           0 
  392           0 
  393           0 
  394           0 
  395           0 
  396           0 
  397           0 
  398           0 
  399           0 
  400           0 
  401           0 
  402           0 
  403           0 
  404           0 
  405           0 
  406           0 
  407           0 
  408           0 
  409           0 
  410           0 
  411           0 
  412           0 
  413           0 
  414           0 
  415           0 
  416           0 
  417           0 
  418           0 
  419           0 
  420           0 
  421           0 
  422           0 
  423           0 
  424           0 
  425           0 
  426           0 
  427           0 
  428           0 
  429           0 
  430           0 
  431           0 
  432           0 
  433           0 
  434           1 
  435           0 
  436           0 
  437           0 
  438           0 
  439           0 
  440           0 
  441           0 
  442           0 
  443           0 
  444           0 
  445           0 
  446           0 
  447           0 
  448           0 
  449           0 
  450           0 
  451           1 
  452           0 
  453           1 
  454           1 
  455           0 
  456           0 
  457           0 
  458           0 
  459           0 
  460           0 
  461           0 
  462           0 
  463           0 
  464           0 
  465           0 
  466           0 
  467           0 
  468           1 
  469           0 
  470           0 
  471           1 
  472           0 
  473           0 
  474           0 
  475           0 
  476           0 
  477           0 
  478           0 
  479           0 
  480           0 
  481           0 
  482           0 
  483           0 
  484           0 
  485           0 
  486           0 
  487           0 
  488           0 
  489           0 
  490           0 
  491           0 
  492           0 
  493           0 
  494           0 
  495           0 
  496           0 
  497           0 
  498           1 
  499           0 
  500           0 
  501           0 
  502           0 
  503           0 
  504           0 
  505           0 
  506           0 
  507           0 
  508           0 
  509           0 
  510           0 
  511           0 
  512           0 
