    1           0 
    2           0 
    3           2 
    4           3 
    5         111 
    6         318 
    7         299 
    8         250 
    9         186 
   10         168 
   11         184 
   12         150 
   13         152 
   14         181 
   15         205 
   16         197 
   17         157 
   18         190 
   19         187 
   20         186 
   21         207 
   22         184 
   23         204 
   24         181 
   25         167 
   26         184 
   27         169 
   28         185 
   29         201 
   30         153 
   31         162 
   32         185 
   33         148 
   34         173 
   35         162 
   36         138 
   37         121 
   38         170 
   39         139 
   40         142 
   41         124 
   42         159 
   43         147 
   44         132 
   45         138 
   46         151 
   47         127 
   48         124 
   49         129 
   50         141 
   51         136 
   52         131 
   53         131 
   54         119 
   55         135 
   56         127 
   57         110 
   58         101 
   59         103 
   60         117 
   61          87 
   62         121 
   63          91 
   64          83 
   65          84 
   66          83 
   67          54 
   68          67 
   69          65 
   70          64 
   71          49 
   72          67 
   73          68 
   74          61 
   75          62 
   76          51 
   77          54 
   78          56 
   79          51 
   80          71 
   81          84 
   82          89 
   83          62 
   84          90 
   85         102 
   86         127 
   87         120 
   88         131 
   89         147 
   90         165 
   91         148 
   92         145 
   93         172 
   94         178 
   95         167 
   96         155 
   97         133 
   98         147 
   99         130 
  100         119 
  101         118 
  102          88 
  103         103 
  104          74 
  105          96 
  106          73 
  107          72 
  108          56 
  109          56 
  110          50 
  111          53 
  112          45 
  113          40 
  114          40 
  115          33 
  116          24 
  117          36 
  118          24 
  119          26 
  120          27 
  121          18 
  122          22 
  123          13 
  124          24 
  125          23 
  126          27 
  127          17 
  128          17 
  129          20 
  130          14 
  131           9 
  132           8 
  133          12 
  134           9 
  135          11 
  136          10 
  137           8 
  138          11 
  139           8 
  140           6 
  141           5 
  142           7 
  143           5 
  144           5 
  145           7 
  146           4 
  147           5 
  148           4 
  149           3 
  150           3 
  151           0 
  152           3 
  153           1 
  154           5 
  155           3 
  156           1 
  157           2 
  158           0 
  159           0 
  160           1 
  161           0 
  162           1 
  163           1 
  164           1 
  165           0 
  166           0 
  167           0 
  168           0 
  169           2 
  170           2 
  171           0 
  172           1 
  173           0 
  174           1 
  175           0 
  176           1 
  177           1 
  178           0 
  179           0 
  180           2 
  181           1 
  182           0 
  183           1 
  184           1 
  185           1 
  186           1 
  187           1 
  188           0 
  189           0 
  190           0 
  191           0 
  192           1 
  193           0 
  194           0 
  195           0 
  196           0 
  197           4 
  198           0 
  199           0 
  200           1 
  201           0 
  202           0 
  203           0 
  204           1 
  205           2 
  206           1 
  207           1 
  208           0 
  209           0 
  210           0 
  211           0 
  212           1 
  213           0 
  214           0 
  215           0 
  216           1 
  217           0 
  218           1 
  219           1 
  220           0 
  221           0 
  222           0 
  223           0 
  224           0 
  225           0 
  226           0 
  227           0 
  228           0 
  229           1 
  230           1 
  231           0 
  232           0 
  233           0 
  234           1 
  235           0 
  236           1 
  237           0 
  238           0 
  239           0 
  240           1 
  241           0 
  242           0 
  243           1 
  244           0 
  245           0 
  246           0 
  247           0 
  248           0 
  249           0 
  250           1 
  251           0 
  252           0 
  253           0 
  254           1 
  255           0 
  256           0 
  257           0 
  258           1 
  259           0 
  260           0 
  261           0 
  262           0 
  263           0 
  264           0 
  265           0 
  266           0 
  267           0 
  268           0 
  269           0 
  270           0 
  271           0 
  272           1 
  273           0 
  274           0 
  275           0 
  276           0 
  277           0 
  278           0 
  279           0 
  280           0 
  281           0 
  282           0 
  283           0 
  284           0 
  285           0 
  286           0 
  287           0 
  288           0 
  289           0 
  290           2 
  291           0 
  292           0 
  293           0 
  294           0 
  295           0 
  296           2 
  297           0 
  298           0 
  299           0 
  300           1 
  301           0 
  302           0 
  303           1 
  304           0 
  305           0 
  306           0 
  307           1 
  308           0 
  309           0 
  310           0 
  311           0 
  312           0 
  313           0 
  314           0 
  315           0 
  316           0 
  317           0 
  318           0 
  319           0 
  320           0 
  321           0 
  322           0 
  323           0 
  324           0 
  325           0 
  326           0 
  327           1 
  328           0 
  329           0 
  330           0 
  331           0 
  332           0 
  333           0 
  334           0 
  335           0 
  336           0 
  337           0 
  338           0 
  339           0 
  340           0 
  341           0 
  342           0 
  343           0 
  344           0 
  345           0 
  346           0 
  347           0 
  348           0 
  349           0 
  350           1 
  351           0 
  352           1 
  353           0 
  354           1 
  355           0 
  356           0 
  357           0 
  358           0 
  359           0 
  360           0 
  361           1 
  362           0 
  363           0 
  364           0 
  365           0 
  366           0 
  367           0 
  368           0 
  369           0 
  370           0 
  371           0 
  372           1 
  373           0 
  374           0 
  375           0 
  376           0 
  377           0 
  378           0 
  379           0 
  380           0 
  381           0 
  382           0 
  383           0 
  384           0 
  385           1 
  386           0 
  387           0 
  388           0 
  389           0 
  390           1 
  391           0 
  392           0 
  393           0 
  394           0 
  395           0 
  396           0 
  397           0 
  398           0 
  399           0 
  400           0 
  401           0 
  402           0 
  403           0 
  404           0 
  405           0 
  406           0 
  407           0 
  408           0 
  409           0 
  410           0 
  411           0 
  412           0 
  413           1 
  414           0 
  415           0 
  416           0 
  417           0 
  418           0 
  419           0 
  420           0 
  421           0 
  422           0 
  423           0 
  424           0 
  425           0 
  426           0 
  427           0 
  428           0 
  429           0 
  430           0 
  431           0 
  432           0 
  433           0 
  434           0 
  435           0 
  436           0 
  437           1 
  438           0 
  439           0 
  440           0 
  441           0 
  442           0 
  443           0 
  444           0 
  445           0 
  446           0 
  447           0 
  448           0 
  449           0 
  450           0 
  451           0 
  452           0 
  453           0 
  454           0 
  455           0 
  456           0 
  457           0 
  458           0 
  459           0 
  460           0 
  461           0 
  462           0 
  463           0 
  464           0 
  465           0 
  466           0 
  467           0 
  468           0 
  469           0 
  470           0 
  471           0 
  472           0 
  473           0 
  474           0 
  475           0 
  476           0 
  477           0 
  478           0 
  479           0 
  480           0 
  481           0 
  482           0 
  483           0 
  484           0 
  485           0 
  486           0 
  487           0 
  488           0 
  489           1 
  490           1 
  491           0 
  492           0 
  493           1 
  494           0 
  495           0 
  496           0 
  497           1 
  498           0 
  499           0 
  500           0 
  501           0 
  502           0 
  503           0 
  504           0 
  505           0 
  506           0 
  507           0 
  508           0 
  509           0 
  510           0 
  511           0 
  512           0 
