    1           0 
    2           0 
    3           1 
    4           0 
    5           9 
    6          24 
    7          19 
    8          29 
    9          21 
   10          29 
   11          24 
   12          24 
   13          28 
   14          26 
   15          23 
   16          34 
   17          23 
   18          37 
   19          23 
   20          33 
   21          35 
   22          32 
   23          28 
   24          26 
   25          15 
   26          25 
   27          24 
   28          24 
   29          18 
   30          23 
   31          18 
   32          21 
   33          29 
   34          33 
   35          25 
   36          37 
   37          43 
   38          55 
   39          65 
   40          66 
   41          62 
   42          56 
   43          66 
   44          43 
   45          41 
   46          32 
   47          25 
   48          30 
   49          22 
   50           9 
   51          19 
   52          25 
   53          14 
   54          22 
   55          12 
   56           9 
   57           9 
   58           9 
   59           6 
   60           9 
   61           2 
   62           4 
   63           7 
   64           7 
   65           3 
   66           1 
   67           4 
   68           5 
   69           5 
   70           3 
   71           4 
   72           0 
   73           2 
   74           4 
   75           3 
   76           3 
   77           0 
   78           5 
   79           2 
   80           1 
   81           3 
   82           3 
   83           2 
   84           1 
   85           0 
   86           2 
   87           3 
   88           2 
   89           0 
   90           3 
   91           0 
   92           6 
   93           1 
   94           4 
   95           0 
   96           2 
   97           2 
   98           2 
   99           3 
  100           4 
  101           1 
  102           2 
  103           3 
  104           1 
  105           2 
  106           3 
  107           1 
  108           4 
  109           1 
  110           4 
  111           1 
  112           3 
  113           1 
  114           1 
  115           1 
  116           0 
  117           3 
  118           1 
  119           2 
  120           4 
  121           0 
  122           1 
  123           0 
  124           2 
  125           1 
  126           0 
  127           3 
  128           0 
  129           1 
  130           1 
  131           3 
  132           2 
  133           0 
  134           0 
  135           0 
  136           2 
  137           0 
  138           0 
  139           3 
  140           2 
  141           1 
  142           1 
  143           1 
  144           0 
  145           1 
  146           1 
  147           1 
  148           4 
  149           2 
  150           0 
  151           0 
  152           0 
  153           0 
  154           1 
  155           0 
  156           0 
  157           1 
  158           0 
  159           1 
  160           0 
  161           1 
  162           0 
  163           0 
  164           1 
  165           1 
  166           0 
  167           1 
  168           2 
  169           0 
  170           1 
  171           1 
  172           1 
  173           0 
  174           1 
  175           0 
  176           0 
  177           1 
  178           0 
  179           0 
  180           1 
  181           1 
  182           0 
  183           1 
  184           0 
  185           1 
  186           1 
  187           2 
  188           1 
  189           0 
  190           0 
  191           0 
  192           0 
  193           1 
  194           0 
  195           1 
  196           0 
  197           0 
  198           0 
  199           0 
  200           0 
  201           0 
  202           1 
  203           1 
  204           1 
  205           1 
  206           0 
  207           2 
  208           0 
  209           0 
  210           2 
  211           1 
  212           1 
  213           1 
  214           0 
  215           2 
  216           0 
  217           1 
  218           0 
  219           1 
  220           0 
  221           1 
  222           0 
  223           1 
  224           0 
  225           0 
  226           0 
  227           0 
  228           1 
  229           0 
  230           1 
  231           0 
  232           2 
  233           1 
  234           0 
  235           0 
  236           0 
  237           0 
  238           0 
  239           0 
  240           0 
  241           0 
  242           2 
  243           0 
  244           0 
  245           0 
  246           3 
  247           0 
  248           0 
  249           0 
  250           1 
  251           0 
  252           1 
  253           1 
  254           0 
  255           0 
  256           1 
  257           0 
  258           0 
  259           0 
  260           0 
  261           1 
  262           0 
  263           1 
  264           0 
  265           0 
  266           0 
  267           0 
  268           0 
  269           0 
  270           0 
  271           1 
  272           0 
  273           0 
  274           0 
  275           1 
  276           1 
  277           0 
  278           0 
  279           0 
  280           0 
  281           0 
  282           0 
  283           0 
  284           0 
  285           0 
  286           0 
  287           0 
  288           0 
  289           0 
  290           0 
  291           0 
  292           0 
  293           0 
  294           0 
  295           0 
  296           0 
  297           0 
  298           0 
  299           0 
  300           0 
  301           0 
  302           0 
  303           0 
  304           0 
  305           1 
  306           1 
  307           0 
  308           0 
  309           0 
  310           0 
  311           0 
  312           0 
  313           0 
  314           0 
  315           0 
  316           1 
  317           0 
  318           0 
  319           0 
  320           0 
  321           0 
  322           0 
  323           0 
  324           0 
  325           0 
  326           0 
  327           1 
  328           0 
  329           0 
  330           0 
  331           0 
  332           0 
  333           0 
  334           0 
  335           0 
  336           0 
  337           0 
  338           0 
  339           0 
  340           0 
  341           0 
  342           0 
  343           0 
  344           0 
  345           0 
  346           0 
  347           0 
  348           1 
  349           0 
  350           0 
  351           0 
  352           0 
  353           0 
  354           0 
  355           1 
  356           0 
  357           0 
  358           0 
  359           0 
  360           0 
  361           0 
  362           0 
  363           0 
  364           0 
  365           0 
  366           0 
  367           0 
  368           0 
  369           0 
  370           0 
  371           0 
  372           0 
  373           0 
  374           0 
  375           0 
  376           0 
  377           0 
  378           0 
  379           0 
  380           0 
  381           0 
  382           0 
  383           0 
  384           0 
  385           0 
  386           0 
  387           0 
  388           0 
  389           0 
  390           0 
  391           0 
  392           0 
  393           0 
  394           0 
  395           0 
  396           0 
  397           1 
  398           0 
  399           0 
  400           0 
  401           0 
  402           0 
  403           1 
  404           0 
  405           0 
  406           0 
  407           0 
  408           0 
  409           0 
  410           0 
  411           0 
  412           0 
  413           0 
  414           0 
  415           0 
  416           0 
  417           0 
  418           0 
  419           0 
  420           0 
  421           0 
  422           0 
  423           0 
  424           0 
  425           0 
  426           0 
  427           0 
  428           0 
  429           0 
  430           0 
  431           0 
  432           0 
  433           0 
  434           0 
  435           0 
  436           0 
  437           0 
  438           0 
  439           0 
  440           0 
  441           0 
  442           0 
  443           0 
  444           0 
  445           0 
  446           0 
  447           0 
  448           0 
  449           0 
  450           0 
  451           0 
  452           0 
  453           0 
  454           0 
  455           0 
  456           0 
  457           0 
  458           0 
  459           0 
  460           0 
  461           0 
  462           0 
  463           0 
  464           0 
  465           0 
  466           0 
  467           0 
  468           0 
  469           0 
  470           0 
  471           0 
  472           0 
  473           0 
  474           0 
  475           0 
  476           0 
  477           0 
  478           0 
  479           0 
  480           0 
  481           0 
  482           0 
  483           0 
  484           0 
  485           0 
  486           0 
  487           0 
  488           0 
  489           1 
  490           0 
  491           0 
  492           0 
  493           0 
  494           0 
  495           0 
  496           1 
  497           0 
  498           0 
  499           0 
  500           0 
  501           0 
  502           0 
  503           0 
  504           0 
  505           0 
  506           0 
  507           0 
  508           0 
  509           0 
  510           0 
  511           0 
  512           0 
