    1           0 
    2           0 
    3           1 
    4           1 
    5           7 
    6          22 
    7          24 
    8          22 
    9          21 
   10          22 
   11          20 
   12          31 
   13          28 
   14          27 
   15          23 
   16          26 
   17          23 
   18          20 
   19          18 
   20          16 
   21          19 
   22          16 
   23          19 
   24          14 
   25          17 
   26          19 
   27          17 
   28          20 
   29          30 
   30          30 
   31          43 
   32          53 
   33          77 
   34          86 
   35          60 
   36          76 
   37          65 
   38          51 
   39          52 
   40          39 
   41          41 
   42          33 
   43          30 
   44          12 
   45          23 
   46          15 
   47          16 
   48          15 
   49           3 
   50          18 
   51           8 
   52          12 
   53          10 
   54           9 
   55           6 
   56           8 
   57           5 
   58           5 
   59           5 
   60           6 
   61           2 
   62           4 
   63           6 
   64           4 
   65           2 
   66           3 
   67           0 
   68           1 
   69           1 
   70           4 
   71           2 
   72           3 
   73           4 
   74           2 
   75           3 
   76           3 
   77           4 
   78           0 
   79           1 
   80           1 
   81           2 
   82           0 
   83           1 
   84           6 
   85           1 
   86           2 
   87           4 
   88           0 
   89           1 
   90           1 
   91           1 
   92           2 
   93           6 
   94           2 
   95           2 
   96           2 
   97           0 
   98           2 
   99           0 
  100           1 
  101           1 
  102           0 
  103           3 
  104           1 
  105           2 
  106           3 
  107           1 
  108           0 
  109           1 
  110           3 
  111           0 
  112           0 
  113           1 
  114           2 
  115           1 
  116           1 
  117           1 
  118           2 
  119           1 
  120           0 
  121           0 
  122           1 
  123           1 
  124           6 
  125           1 
  126           0 
  127           2 
  128           1 
  129           0 
  130           1 
  131           0 
  132           0 
  133           1 
  134           1 
  135           0 
  136           0 
  137           1 
  138           0 
  139           0 
  140           0 
  141           1 
  142           2 
  143           1 
  144           1 
  145           1 
  146           0 
  147           2 
  148           0 
  149           0 
  150           0 
  151           1 
  152           2 
  153           2 
  154           0 
  155           0 
  156           1 
  157           0 
  158           1 
  159           2 
  160           1 
  161           0 
  162           3 
  163           1 
  164           0 
  165           2 
  166           0 
  167           1 
  168           0 
  169           3 
  170           0 
  171           0 
  172           0 
  173           0 
  174           0 
  175           2 
  176           2 
  177           2 
  178           1 
  179           2 
  180           0 
  181           1 
  182           2 
  183           0 
  184           0 
  185           0 
  186           2 
  187           0 
  188           0 
  189           4 
  190           0 
  191           0 
  192           0 
  193           1 
  194           1 
  195           0 
  196           1 
  197           1 
  198           1 
  199           0 
  200           1 
  201           0 
  202           0 
  203           0 
  204           0 
  205           0 
  206           1 
  207           0 
  208           0 
  209           1 
  210           1 
  211           1 
  212           1 
  213           0 
  214           0 
  215           1 
  216           0 
  217           1 
  218           1 
  219           0 
  220           0 
  221           1 
  222           0 
  223           1 
  224           0 
  225           0 
  226           0 
  227           1 
  228           1 
  229           0 
  230           1 
  231           1 
  232           0 
  233           1 
  234           0 
  235           1 
  236           0 
  237           0 
  238           0 
  239           0 
  240           0 
  241           0 
  242           0 
  243           0 
  244           0 
  245           0 
  246           0 
  247           0 
  248           0 
  249           1 
  250           1 
  251           1 
  252           0 
  253           0 
  254           0 
  255           1 
  256           0 
  257           0 
  258           1 
  259           1 
  260           0 
  261           0 
  262           0 
  263           0 
  264           0 
  265           0 
  266           0 
  267           0 
  268           0 
  269           3 
  270           0 
  271           0 
  272           0 
  273           0 
  274           0 
  275           1 
  276           0 
  277           0 
  278           0 
  279           0 
  280           0 
  281           1 
  282           0 
  283           0 
  284           0 
  285           0 
  286           0 
  287           0 
  288           0 
  289           0 
  290           0 
  291           0 
  292           0 
  293           0 
  294           0 
  295           0 
  296           0 
  297           0 
  298           0 
  299           0 
  300           0 
  301           0 
  302           0 
  303           0 
  304           0 
  305           0 
  306           0 
  307           0 
  308           0 
  309           0 
  310           1 
  311           0 
  312           0 
  313           0 
  314           0 
  315           0 
  316           0 
  317           1 
  318           0 
  319           0 
  320           1 
  321           0 
  322           0 
  323           0 
  324           0 
  325           0 
  326           0 
  327           0 
  328           0 
  329           0 
  330           0 
  331           0 
  332           0 
  333           0 
  334           0 
  335           0 
  336           0 
  337           0 
  338           0 
  339           0 
  340           0 
  341           0 
  342           0 
  343           0 
  344           0 
  345           1 
  346           0 
  347           0 
  348           0 
  349           0 
  350           0 
  351           0 
  352           0 
  353           0 
  354           0 
  355           1 
  356           0 
  357           0 
  358           0 
  359           0 
  360           0 
  361           0 
  362           0 
  363           0 
  364           0 
  365           0 
  366           0 
  367           0 
  368           0 
  369           0 
  370           0 
  371           0 
  372           0 
  373           0 
  374           0 
  375           1 
  376           0 
  377           0 
  378           0 
  379           0 
  380           0 
  381           0 
  382           0 
  383           0 
  384           0 
  385           1 
  386           0 
  387           0 
  388           0 
  389           1 
  390           1 
  391           0 
  392           0 
  393           0 
  394           0 
  395           0 
  396           0 
  397           0 
  398           0 
  399           0 
  400           0 
  401           0 
  402           0 
  403           0 
  404           0 
  405           0 
  406           0 
  407           0 
  408           0 
  409           0 
  410           0 
  411           0 
  412           0 
  413           0 
  414           0 
  415           1 
  416           0 
  417           0 
  418           0 
  419           0 
  420           0 
  421           0 
  422           0 
  423           0 
  424           0 
  425           0 
  426           0 
  427           0 
  428           0 
  429           0 
  430           0 
  431           0 
  432           0 
  433           0 
  434           0 
  435           0 
  436           0 
  437           0 
  438           0 
  439           0 
  440           0 
  441           0 
  442           0 
  443           0 
  444           1 
  445           0 
  446           0 
  447           0 
  448           1 
  449           0 
  450           1 
  451           0 
  452           1 
  453           0 
  454           0 
  455           0 
  456           0 
  457           0 
  458           0 
  459           0 
  460           0 
  461           1 
  462           1 
  463           0 
  464           0 
  465           0 
  466           0 
  467           0 
  468           0 
  469           0 
  470           0 
  471           1 
  472           1 
  473           0 
  474           0 
  475           0 
  476           0 
  477           0 
  478           0 
  479           0 
  480           0 
  481           0 
  482           0 
  483           0 
  484           0 
  485           0 
  486           0 
  487           0 
  488           0 
  489           0 
  490           0 
  491           1 
  492           0 
  493           0 
  494           0 
  495           0 
  496           0 
  497           0 
  498           0 
  499           0 
  500           0 
  501           0 
  502           0 
  503           0 
  504           0 
  505           0 
  506           0 
  507           0 
  508           0 
  509           0 
  510           0 
  511           0 
  512           0 
