    1           0 
    2           0 
    3           2 
    4           2 
    5          67 
    6         169 
    7         136 
    8         115 
    9         108 
   10          71 
   11          95 
   12          80 
   13          94 
   14          89 
   15          73 
   16         101 
   17          83 
   18          83 
   19          84 
   20         105 
   21          87 
   22          83 
   23         103 
   24          94 
   25         104 
   26          83 
   27          69 
   28          73 
   29          81 
   30          87 
   31          67 
   32          81 
   33          66 
   34          64 
   35          78 
   36          79 
   37          81 
   38          75 
   39          57 
   40          62 
   41          64 
   42          57 
   43          57 
   44          48 
   45          54 
   46          43 
   47          43 
   48          57 
   49          42 
   50          33 
   51          47 
   52          34 
   53          37 
   54          34 
   55          30 
   56          35 
   57          34 
   58          26 
   59          20 
   60          47 
   61          24 
   62          36 
   63          37 
   64          37 
   65          50 
   66          57 
   67          59 
   68          54 
   69          60 
   70          53 
   71          79 
   72          55 
   73          53 
   74          86 
   75          63 
   76          62 
   77          72 
   78          56 
   79          65 
   80          70 
   81          83 
   82          55 
   83          64 
   84          55 
   85          52 
   86          45 
   87          41 
   88          39 
   89          37 
   90          34 
   91          24 
   92          31 
   93          14 
   94          26 
   95          19 
   96          17 
   97          17 
   98          13 
   99           6 
  100           8 
  101          16 
  102          15 
  103          13 
  104           7 
  105           8 
  106          15 
  107          10 
  108          12 
  109           3 
  110          10 
  111           6 
  112           4 
  113           3 
  114           3 
  115           6 
  116           5 
  117           0 
  118           0 
  119           5 
  120           1 
  121           2 
  122           4 
  123           2 
  124           8 
  125           1 
  126           1 
  127           3 
  128           3 
  129           1 
  130           1 
  131           0 
  132           3 
  133           2 
  134           2 
  135           2 
  136           2 
  137           0 
  138           1 
  139           0 
  140           0 
  141           0 
  142           1 
  143           0 
  144           0 
  145           1 
  146           0 
  147           2 
  148           0 
  149           0 
  150           1 
  151           1 
  152           2 
  153           0 
  154           2 
  155           0 
  156           0 
  157           0 
  158           0 
  159           0 
  160           1 
  161           1 
  162           0 
  163           0 
  164           0 
  165           2 
  166           1 
  167           1 
  168           0 
  169           0 
  170           0 
  171           0 
  172           2 
  173           1 
  174           1 
  175           0 
  176           0 
  177           1 
  178           0 
  179           1 
  180           0 
  181           0 
  182           1 
  183           0 
  184           2 
  185           0 
  186           2 
  187           1 
  188           1 
  189           0 
  190           0 
  191           0 
  192           1 
  193           2 
  194           0 
  195           0 
  196           0 
  197           0 
  198           0 
  199           0 
  200           1 
  201           1 
  202           0 
  203           1 
  204           0 
  205           1 
  206           0 
  207           0 
  208           0 
  209           0 
  210           0 
  211           1 
  212           1 
  213           1 
  214           1 
  215           0 
  216           0 
  217           0 
  218           1 
  219           0 
  220           1 
  221           1 
  222           1 
  223           1 
  224           0 
  225           0 
  226           0 
  227           1 
  228           1 
  229           1 
  230           0 
  231           0 
  232           0 
  233           0 
  234           1 
  235           0 
  236           1 
  237           0 
  238           0 
  239           0 
  240           1 
  241           1 
  242           0 
  243           0 
  244           0 
  245           0 
  246           0 
  247           0 
  248           0 
  249           1 
  250           1 
  251           1 
  252           0 
  253           0 
  254           0 
  255           0 
  256           0 
  257           0 
  258           0 
  259           0 
  260           0 
  261           1 
  262           0 
  263           0 
  264           0 
  265           1 
  266           1 
  267           0 
  268           0 
  269           0 
  270           1 
  271           0 
  272           0 
  273           0 
  274           1 
  275           0 
  276           1 
  277           1 
  278           0 
  279           2 
  280           0 
  281           0 
  282           1 
  283           0 
  284           0 
  285           0 
  286           0 
  287           0 
  288           0 
  289           0 
  290           0 
  291           1 
  292           0 
  293           0 
  294           0 
  295           0 
  296           0 
  297           0 
  298           0 
  299           0 
  300           0 
  301           0 
  302           0 
  303           0 
  304           0 
  305           0 
  306           0 
  307           0 
  308           0 
  309           1 
  310           0 
  311           0 
  312           0 
  313           0 
  314           0 
  315           0 
  316           0 
  317           1 
  318           0 
  319           0 
  320           0 
  321           0 
  322           0 
  323           0 
  324           0 
  325           0 
  326           1 
  327           0 
  328           2 
  329           0 
  330           0 
  331           0 
  332           0 
  333           1 
  334           1 
  335           0 
  336           0 
  337           0 
  338           0 
  339           0 
  340           0 
  341           0 
  342           1 
  343           0 
  344           0 
  345           0 
  346           0 
  347           0 
  348           0 
  349           0 
  350           0 
  351           0 
  352           0 
  353           0 
  354           0 
  355           0 
  356           0 
  357           0 
  358           0 
  359           0 
  360           1 
  361           0 
  362           0 
  363           1 
  364           0 
  365           0 
  366           0 
  367           0 
  368           0 
  369           0 
  370           0 
  371           1 
  372           0 
  373           0 
  374           0 
  375           0 
  376           0 
  377           0 
  378           0 
  379           0 
  380           0 
  381           0 
  382           0 
  383           0 
  384           2 
  385           0 
  386           0 
  387           0 
  388           0 
  389           1 
  390           0 
  391           0 
  392           1 
  393           0 
  394           0 
  395           0 
  396           1 
  397           1 
  398           0 
  399           0 
  400           0 
  401           0 
  402           0 
  403           0 
  404           0 
  405           0 
  406           0 
  407           0 
  408           0 
  409           0 
  410           0 
  411           0 
  412           0 
  413           0 
  414           0 
  415           0 
  416           1 
  417           0 
  418           0 
  419           0 
  420           0 
  421           0 
  422           0 
  423           0 
  424           0 
  425           0 
  426           0 
  427           0 
  428           0 
  429           0 
  430           0 
  431           0 
  432           0 
  433           0 
  434           0 
  435           0 
  436           0 
  437           0 
  438           0 
  439           0 
  440           0 
  441           0 
  442           0 
  443           0 
  444           0 
  445           0 
  446           0 
  447           0 
  448           0 
  449           0 
  450           0 
  451           0 
  452           0 
  453           0 
  454           0 
  455           0 
  456           0 
  457           0 
  458           0 
  459           0 
  460           0 
  461           0 
  462           0 
  463           0 
  464           0 
  465           0 
  466           0 
  467           0 
  468           0 
  469           0 
  470           0 
  471           0 
  472           0 
  473           0 
  474           0 
  475           0 
  476           0 
  477           0 
  478           0 
  479           0 
  480           0 
  481           0 
  482           0 
  483           0 
  484           0 
  485           0 
  486           0 
  487           0 
  488           0 
  489           0 
  490           0 
  491           0 
  492           0 
  493           0 
  494           0 
  495           0 
  496           0 
  497           0 
  498           0 
  499           0 
  500           1 
  501           0 
  502           0 
  503           0 
  504           0 
  505           0 
  506           0 
  507           0 
  508           0 
  509           0 
  510           0 
  511           0 
  512           0 
