    1           0 
    2           0 
    3           0 
    4           1 
    5         168 
    6         532 
    7         530 
    8         437 
    9         345 
   10         357 
   11         380 
   12         355 
   13         387 
   14         406 
   15         402 
   16         421 
   17         427 
   18         418 
   19         380 
   20         450 
   21         423 
   22         442 
   23         457 
   24         484 
   25         478 
   26         484 
   27         449 
   28         439 
   29         426 
   30         451 
   31         411 
   32         418 
   33         393 
   34         383 
   35         395 
   36         405 
   37         388 
   38         370 
   39         329 
   40         332 
   41         335 
   42         324 
   43         334 
   44         311 
   45         320 
   46         318 
   47         282 
   48         298 
   49         294 
   50         276 
   51         265 
   52         284 
   53         317 
   54         256 
   55         305 
   56         282 
   57         266 
   58         301 
   59         270 
   60         287 
   61         260 
   62         244 
   63         241 
   64         257 
   65         235 
   66         233 
   67         214 
   68         209 
   69         182 
   70         173 
   71         188 
   72         173 
   73         167 
   74         172 
   75         163 
   76         140 
   77         158 
   78         140 
   79         160 
   80         175 
   81         147 
   82         146 
   83         166 
   84         159 
   85         173 
   86         190 
   87         205 
   88         214 
   89         214 
   90         217 
   91         275 
   92         264 
   93         296 
   94         338 
   95         277 
   96         287 
   97         309 
   98         322 
   99         305 
  100         299 
  101         296 
  102         311 
  103         304 
  104         283 
  105         216 
  106         219 
  107         189 
  108         163 
  109         166 
  110         159 
  111         119 
  112         115 
  113         101 
  114          96 
  115         100 
  116          86 
  117          71 
  118          77 
  119          79 
  120          41 
  121          44 
  122          39 
  123          42 
  124          56 
  125          58 
  126          39 
  127          42 
  128          31 
  129          45 
  130          32 
  131          34 
  132          31 
  133          35 
  134          24 
  135          21 
  136          28 
  137          20 
  138          22 
  139          13 
  140          15 
  141          14 
  142          21 
  143          15 
  144          10 
  145          13 
  146          11 
  147           8 
  148           8 
  149          12 
  150           9 
  151           6 
  152           3 
  153           6 
  154           3 
  155           3 
  156           4 
  157           4 
  158           2 
  159           2 
  160           2 
  161           1 
  162           4 
  163           4 
  164           2 
  165           1 
  166           1 
  167           1 
  168           0 
  169           3 
  170           0 
  171           1 
  172           0 
  173           3 
  174           2 
  175           1 
  176           1 
  177           2 
  178           2 
  179           0 
  180           0 
  181           1 
  182           0 
  183           0 
  184           1 
  185           0 
  186           1 
  187           0 
  188           0 
  189           0 
  190           1 
  191           1 
  192           1 
  193           1 
  194           1 
  195           1 
  196           1 
  197           1 
  198           0 
  199           0 
  200           1 
  201           0 
  202           0 
  203           0 
  204           1 
  205           1 
  206           0 
  207           0 
  208           0 
  209           0 
  210           1 
  211           1 
  212           0 
  213           0 
  214           0 
  215           0 
  216           1 
  217           0 
  218           0 
  219           0 
  220           0 
  221           0 
  222           1 
  223           0 
  224           1 
  225           0 
  226           0 
  227           0 
  228           0 
  229           0 
  230           0 
  231           1 
  232           0 
  233           0 
  234           0 
  235           0 
  236           0 
  237           0 
  238           0 
  239           0 
  240           0 
  241           3 
  242           0 
  243           0 
  244           0 
  245           0 
  246           1 
  247           1 
  248           0 
  249           0 
  250           0 
  251           1 
  252           1 
  253           0 
  254           0 
  255           1 
  256           0 
  257           0 
  258           0 
  259           0 
  260           0 
  261           0 
  262           0 
  263           0 
  264           1 
  265           0 
  266           0 
  267           0 
  268           0 
  269           0 
  270           0 
  271           0 
  272           0 
  273           1 
  274           0 
  275           0 
  276           0 
  277           0 
  278           0 
  279           1 
  280           0 
  281           0 
  282           0 
  283           2 
  284           0 
  285           0 
  286           0 
  287           0 
  288           0 
  289           0 
  290           1 
  291           1 
  292           0 
  293           0 
  294           0 
  295           0 
  296           0 
  297           0 
  298           0 
  299           1 
  300           0 
  301           0 
  302           0 
  303           0 
  304           0 
  305           0 
  306           0 
  307           0 
  308           0 
  309           0 
  310           0 
  311           1 
  312           0 
  313           0 
  314           0 
  315           0 
  316           0 
  317           0 
  318           0 
  319           0 
  320           0 
  321           0 
  322           1 
  323           0 
  324           0 
  325           0 
  326           1 
  327           0 
  328           0 
  329           0 
  330           0 
  331           0 
  332           0 
  333           0 
  334           0 
  335           0 
  336           0 
  337           0 
  338           0 
  339           0 
  340           0 
  341           0 
  342           0 
  343           0 
  344           0 
  345           0 
  346           0 
  347           0 
  348           0 
  349           0 
  350           0 
  351           0 
  352           0 
  353           1 
  354           0 
  355           0 
  356           0 
  357           0 
  358           0 
  359           0 
  360           0 
  361           0 
  362           0 
  363           0 
  364           0 
  365           0 
  366           0 
  367           0 
  368           0 
  369           0 
  370           0 
  371           0 
  372           0 
  373           0 
  374           0 
  375           0 
  376           0 
  377           0 
  378           0 
  379           0 
  380           0 
  381           0 
  382           0 
  383           0 
  384           0 
  385           0 
  386           0 
  387           0 
  388           0 
  389           0 
  390           0 
  391           0 
  392           0 
  393           0 
  394           0 
  395           0 
  396           0 
  397           0 
  398           1 
  399           0 
  400           0 
  401           0 
  402           0 
  403           0 
  404           0 
  405           0 
  406           0 
  407           0 
  408           0 
  409           0 
  410           0 
  411           0 
  412           0 
  413           0 
  414           0 
  415           0 
  416           0 
  417           0 
  418           0 
  419           0 
  420           0 
  421           0 
  422           0 
  423           0 
  424           0 
  425           0 
  426           0 
  427           0 
  428           0 
  429           0 
  430           0 
  431           0 
  432           0 
  433           0 
  434           0 
  435           0 
  436           0 
  437           0 
  438           0 
  439           0 
  440           0 
  441           0 
  442           0 
  443           0 
  444           0 
  445           0 
  446           0 
  447           0 
  448           0 
  449           0 
  450           0 
  451           0 
  452           0 
  453           0 
  454           0 
  455           0 
  456           0 
  457           0 
  458           0 
  459           0 
  460           0 
  461           0 
  462           0 
  463           0 
  464           0 
  465           0 
  466           0 
  467           0 
  468           0 
  469           0 
  470           0 
  471           0 
  472           0 
  473           1 
  474           0 
  475           0 
  476           0 
  477           0 
  478           1 
  479           0 
  480           0 
  481           0 
  482           0 
  483           0 
  484           0 
  485           2 
  486           0 
  487           0 
  488           0 
  489           0 
  490           0 
  491           0 
  492           0 
  493           0 
  494           0 
  495           0 
  496           0 
  497           0 
  498           0 
  499           0 
  500           0 
  501           1 
  502           0 
  503           0 
  504           0 
  505           0 
  506           0 
  507           0 
  508           0 
  509           0 
  510           0 
  511           0 
  512           0 
