    1           1 
    2           0 
    3           1 
    4          79 
    5        7128 
    6       22256 
    7       23220 
    8       21474 
    9       20860 
   10       21220 
   11       21739 
   12       22949 
   13       23526 
   14       24019 
   15       24817 
   16       24950 
   17       25000 
   18       25150 
   19       25338 
   20       25992 
   21       25975 
   22       26332 
   23       26467 
   24       27325 
   25       26929 
   26       27162 
   27       27247 
   28       26318 
   29       26230 
   30       25763 
   31       25157 
   32       24842 
   33       24002 
   34       23426 
   35       22944 
   36       22705 
   37       21756 
   38       21433 
   39       21106 
   40       20557 
   41       20161 
   42       19480 
   43       19075 
   44       18957 
   45       18564 
   46       18366 
   47       17632 
   48       17400 
   49       17126 
   50       16633 
   51       16417 
   52       16039 
   53       15666 
   54       15608 
   55       15075 
   56       14874 
   57       14781 
   58       14412 
   59       14140 
   60       13769 
   61       13670 
   62       13325 
   63       13246 
   64       12682 
   65       12584 
   66       12076 
   67       11769 
   68       11371 
   69       11005 
   70       10489 
   71       10226 
   72        9942 
   73        9530 
   74        9252 
   75        8953 
   76        8647 
   77        8376 
   78        8326 
   79        7958 
   80        7935 
   81        7753 
   82        7694 
   83        7648 
   84        7512 
   85        7742 
   86        7549 
   87        7700 
   88        7581 
   89        7566 
   90        7554 
   91        7584 
   92        7706 
   93        7937 
   94        7997 
   95        8197 
   96        8344 
   97        8368 
   98        8777 
   99        8708 
  100        8985 
  101        9056 
  102        8975 
  103        8857 
  104        8741 
  105        8612 
  106        8026 
  107        7713 
  108        7198 
  109        6620 
  110        6062 
  111        5635 
  112        5179 
  113        4669 
  114        4187 
  115        3877 
  116        3376 
  117        3156 
  118        2837 
  119        2567 
  120        2327 
  121        2110 
  122        1926 
  123        1812 
  124        1781 
  125        1653 
  126        1458 
  127        1347 
  128        1371 
  129        1199 
  130        1183 
  131        1112 
  132        1047 
  133         971 
  134         864 
  135         874 
  136         794 
  137         796 
  138         711 
  139         704 
  140         597 
  141         584 
  142         544 
  143         545 
  144         435 
  145         439 
  146         417 
  147         386 
  148         361 
  149         327 
  150         286 
  151         283 
  152         231 
  153         224 
  154         208 
  155         211 
  156         166 
  157         167 
  158         138 
  159         120 
  160         120 
  161          88 
  162          91 
  163          76 
  164          81 
  165          61 
  166          65 
  167          46 
  168          54 
  169          37 
  170          31 
  171          32 
  172          35 
  173          41 
  174          26 
  175          17 
  176          30 
  177          11 
  178          12 
  179           8 
  180          15 
  181          12 
  182           9 
  183          11 
  184           8 
  185           9 
  186           9 
  187           7 
  188           6 
  189           9 
  190           6 
  191           8 
  192           8 
  193           8 
  194           2 
  195           6 
  196           9 
  197           3 
  198           6 
  199           6 
  200          10 
  201           5 
  202           6 
  203           3 
  204           4 
  205           4 
  206           2 
  207           3 
  208           2 
  209           5 
  210           4 
  211           1 
  212           4 
  213           3 
  214           4 
  215           2 
  216           1 
  217           1 
  218           4 
  219           6 
  220           1 
  221           2 
  222           0 
  223           3 
  224           3 
  225           3 
  226           0 
  227           1 
  228           2 
  229           4 
  230           4 
  231           1 
  232           2 
  233           1 
  234           2 
  235           3 
  236           1 
  237           4 
  238           1 
  239           0 
  240           0 
  241           2 
  242           0 
  243           1 
  244           0 
  245           0 
  246           0 
  247           1 
  248           1 
  249           0 
  250           0 
  251           1 
  252           0 
  253           0 
  254           0 
  255           0 
  256           1 
  257           0 
  258           3 
  259           1 
  260           0 
  261           0 
  262           0 
  263           0 
  264           0 
  265           0 
  266           0 
  267           0 
  268           0 
  269           0 
  270           0 
  271           1 
  272           0 
  273           1 
  274           0 
  275           0 
  276           1 
  277           1 
  278           0 
  279           0 
  280           0 
  281           0 
  282           0 
  283           0 
  284           0 
  285           0 
  286           0 
  287           0 
  288           0 
  289           0 
  290           0 
  291           0 
  292           1 
  293           0 
  294           0 
  295           0 
  296           0 
  297           0 
  298           0 
  299           0 
  300           0 
  301           0 
  302           0 
  303           0 
  304           0 
  305           1 
  306           0 
  307           1 
  308           1 
  309           0 
  310           0 
  311           0 
  312           0 
  313           0 
  314           1 
  315           0 
  316           0 
  317           0 
  318           0 
  319           0 
  320           0 
  321           0 
  322           0 
  323           0 
  324           0 
  325           0 
  326           2 
  327           0 
  328           0 
  329           1 
  330           0 
  331           0 
  332           0 
  333           2 
  334           0 
  335           0 
  336           0 
  337           0 
  338           0 
  339           1 
  340           0 
  341           0 
  342           1 
  343           0 
  344           1 
  345           1 
  346           0 
  347           0 
  348           0 
  349           0 
  350           0 
  351           1 
  352           0 
  353           0 
  354           0 
  355           0 
  356           0 
  357           0 
  358           0 
  359           0 
  360           0 
  361           0 
  362           0 
  363           0 
  364           0 
  365           0 
  366           0 
  367           0 
  368           0 
  369           0 
  370           0 
  371           0 
  372           0 
  373           0 
  374           0 
  375           0 
  376           0 
  377           0 
  378           0 
  379           0 
  380           0 
  381           0 
  382           0 
  383           0 
  384           0 
  385           0 
  386           0 
  387           1 
  388           0 
  389           1 
  390           0 
  391           0 
  392           0 
  393           0 
  394           0 
  395           0 
  396           0 
  397           0 
  398           0 
  399           0 
  400           0 
  401           0 
  402           0 
  403           0 
  404           0 
  405           0 
  406           0 
  407           0 
  408           0 
  409           0 
  410           0 
  411           0 
  412           0 
  413           0 
  414           0 
  415           0 
  416           0 
  417           0 
  418           0 
  419           0 
  420           0 
  421           0 
  422           0 
  423           0 
  424           0 
  425           0 
  426           0 
  427           0 
  428           0 
  429           0 
  430           1 
  431           0 
  432           0 
  433           0 
  434           1 
  435           0 
  436           0 
  437           0 
  438           0 
  439           0 
  440           0 
  441           0 
  442           0 
  443           0 
  444           0 
  445           0 
  446           0 
  447           0 
  448           0 
  449           0 
  450           0 
  451           0 
  452           0 
  453           0 
  454           0 
  455           0 
  456           0 
  457           0 
  458           0 
  459           1 
  460           0 
  461           0 
  462           2 
  463           0 
  464           0 
  465           0 
  466           0 
  467           0 
  468           0 
  469           0 
  470           0 
  471           0 
  472           0 
  473           0 
  474           0 
  475           1 
  476           0 
  477           0 
  478           0 
  479           0 
  480           0 
  481           0 
  482           0 
  483           0 
  484           0 
  485           0 
  486           0 
  487           0 
  488           0 
  489           0 
  490           0 
  491           0 
  492           0 
  493           0 
  494           0 
  495           0 
  496           0 
  497           0 
  498           0 
  499           0 
  500           0 
  501           0 
  502           0 
  503           0 
  504           0 
  505           0 
  506           0 
  507           0 
  508           0 
  509           0 
  510           0 
  511           0 
  512           0 
