    1        6031 
    2       10771 
    3       19577 
    4       38631 
    5       94694 
    6      187755 
    7      227524 
    8      239498 
    9      246669 
   10      252245 
   11      256400 
   12      259425 
   13      264142 
   14      264941 
   15      268743 
   16      272938 
   17      274719 
   18      278702 
   19      282953 
   20      284740 
   21      288568 
   22      293140 
   23      297929 
   24      303588 
   25      305751 
   26      308255 
   27      311465 
   28      313073 
   29      314906 
   30      314679 
   31      316116 
   32      315020 
   33      315611 
   34      314807 
   35      315693 
   36      315542 
   37      316804 
   38      316230 
   39      316995 
   40      318795 
   41      319202 
   42      319009 
   43      320878 
   44      320057 
   45      323140 
   46      323501 
   47      325642 
   48      327034 
   49      327943 
   50      328888 
   51      333809 
   52      333418 
   53      336106 
   54      336868 
   55      340182 
   56      342418 
   57      343429 
   58      345906 
   59      348569 
   60      348272 
   61      350710 
   62      351682 
   63      350935 
   64      352393 
   65      350115 
   66      348420 
   67      343994 
   68      339353 
   69      335070 
   70      326431 
   71      319141 
   72      310469 
   73      300406 
   74      290702 
   75      281547 
   76      272512 
   77      265424 
   78      257754 
   79      251344 
   80      247220 
   81      242961 
   82      240313 
   83      238220 
   84      237537 
   85      238500 
   86      238538 
   87      241624 
   88      245275 
   89      248556 
   90      255389 
   91      261993 
   92      270703 
   93      280513 
   94      290690 
   95      302649 
   96      319594 
   97      333891 
   98      353196 
   99      372522 
  100      391704 
  101      413859 
  102      433450 
  103      452622 
  104      470585 
  105      482790 
  106      494344 
  107      498316 
  108      498259 
  109      495845 
  110      484970 
  111      471904 
  112      457299 
  113      437287 
  114      417814 
  115      395233 
  116      373014 
  117      354569 
  118      333877 
  119      315421 
  120      299169 
  121      282744 
  122      268417 
  123      256035 
  124      244609 
  125      235516 
  126      225377 
  127      216729 
  128      209268 
  129      202365 
  130      195085 
  131      190055 
  132      184359 
  133      179545 
  134      174507 
  135      169720 
  136      164870 
  137      161011 
  138      157070 
  139      152399 
  140      148807 
  141      145050 
  142      141633 
  143      137720 
  144      134614 
  145      131415 
  146      126601 
  147      124174 
  148      120080 
  149      117878 
  150      114054 
  151      111728 
  152      108876 
  153      106112 
  154      102558 
  155      100369 
  156       97591 
  157       95086 
  158       92666 
  159       89940 
  160       88074 
  161       85633 
  162       83040 
  163       80869 
  164       78816 
  165       76730 
  166       74185 
  167       72510 
  168       70931 
  169       69523 
  170       67530 
  171       65692 
  172       64467 
  173       62401 
  174       61545 
  175       59840 
  176       58239 
  177       57500 
  178       55924 
  179       54693 
  180       53648 
  181       52396 
  182       50701 
  183       49857 
  184       48712 
  185       47869 
  186       46970 
  187       45911 
  188       44885 
  189       43591 
  190       43168 
  191       42021 
  192       40851 
  193       39797 
  194       39225 
  195       38604 
  196       37495 
  197       37189 
  198       36137 
  199       35138 
  200       34786 
  201       34104 
  202       33391 
  203       32988 
  204       32476 
  205       31894 
  206       31451 
  207       30938 
  208       30608 
  209       30084 
  210       29390 
  211       28929 
  212       29026 
  213       28216 
  214       27731 
  215       27492 
  216       27191 
  217       26655 
  218       26101 
  219       25673 
  220       25289 
  221       24991 
  222       24481 
  223       23555 
  224       23215 
  225       22880 
  226       22188 
  227       21473 
  228       21400 
  229       20679 
  230       20227 
  231       19401 
  232       19160 
  233       18199 
  234       18012 
  235       17453 
  236       16873 
  237       16444 
  238       15999 
  239       15384 
  240       14824 
  241       14494 
  242       13948 
  243       13404 
  244       13209 
  245       12711 
  246       12363 
  247       11959 
  248       11608 
  249       11218 
  250       10902 
  251       10480 
  252       10046 
  253        9988 
  254        9596 
  255        9168 
  256        9076 
  257        8797 
  258        8492 
  259        8268 
  260        7978 
  261        7925 
  262        7567 
  263        7463 
  264        7225 
  265        6909 
  266        6601 
  267        6565 
  268        6372 
  269        6071 
  270        5971 
  271        5649 
  272        5617 
  273        5380 
  274        5265 
  275        5047 
  276        4900 
  277        4743 
  278        4636 
  279        4493 
  280        4424 
  281        4207 
  282        4172 
  283        3946 
  284        3843 
  285        3757 
  286        3670 
  287        3563 
  288        3324 
  289        3380 
  290        3189 
  291        3145 
  292        3114 
  293        3003 
  294        2822 
  295        2872 
  296        2733 
  297        2654 
  298        2493 
  299        2495 
  300        2344 
  301        2337 
  302        2276 
  303        2281 
  304        2173 
  305        2093 
  306        2069 
  307        2058 
  308        1916 
  309        1923 
  310        1751 
  311        1755 
  312        1711 
  313        1648 
  314        1622 
  315        1542 
  316        1526 
  317        1463 
  318        1414 
  319        1447 
  320        1406 
  321        1343 
  322        1274 
  323        1262 
  324        1183 
  325        1232 
  326        1107 
  327        1162 
  328        1142 
  329        1114 
  330        1119 
  331        1003 
  332         978 
  333         974 
  334         905 
  335         945 
  336         885 
  337         819 
  338         856 
  339         791 
  340         777 
  341         760 
  342         754 
  343         743 
  344         681 
  345         641 
  346         658 
  347         675 
  348         633 
  349         616 
  350         577 
  351         595 
  352         565 
  353         514 
  354         513 
  355         545 
  356         472 
  357         495 
  358         472 
  359         426 
  360         478 
  361         423 
  362         351 
  363         388 
  364         370 
  365         362 
  366         370 
  367         325 
  368         311 
  369         347 
  370         347 
  371         324 
  372         327 
  373         277 
  374         296 
  375         286 
  376         261 
  377         241 
  378         235 
  379         253 
  380         224 
  381         213 
  382         201 
  383         195 
  384         204 
  385         195 
  386         181 
  387         186 
  388         166 
  389         172 
  390         158 
  391         157 
  392         175 
  393         185 
  394         131 
  395         133 
  396         124 
  397         141 
  398         133 
  399         136 
  400         137 
  401         115 
  402         112 
  403         110 
  404         107 
  405          68 
  406         100 
  407          96 
  408          93 
  409          93 
  410         107 
  411          92 
  412          82 
  413          83 
  414          68 
  415          68 
  416          82 
  417          71 
  418          69 
  419          64 
  420          65 
  421          59 
  422          65 
  423          53 
  424          47 
  425          60 
  426          55 
  427          47 
  428          58 
  429          49 
  430          45 
  431          37 
  432          55 
  433          39 
  434          43 
  435          38 
  436          26 
  437          28 
  438          34 
  439          31 
  440          24 
  441          31 
  442          14 
  443          30 
  444          19 
  445          31 
  446          37 
  447          26 
  448          22 
  449          27 
  450          22 
  451          22 
  452          27 
  453          26 
  454          23 
  455          14 
  456          20 
  457          13 
  458          19 
  459          16 
  460          13 
  461          14 
  462          12 
  463          23 
  464          17 
  465          13 
  466          12 
  467          17 
  468          12 
  469          13 
  470          10 
  471          15 
  472          10 
  473          11 
  474          11 
  475          13 
  476          14 
  477           7 
  478           9 
  479           9 
  480           7 
  481          14 
  482          11 
  483           7 
  484           9 
  485           5 
  486           8 
  487          10 
  488          10 
  489           9 
  490           7 
  491           7 
  492           7 
  493           6 
  494           4 
  495           5 
  496           1 
  497           3 
  498           8 
  499           4 
  500           2 
  501           3 
  502           0 
  503           0 
  504           0 
  505           0 
  506           0 
  507           0 
  508           0 
  509           0 
  510           0 
  511           0 
  512           0 
