    1           0 
    2           0 
    3           1 
    4           2 
    5          67 
    6         207 
    7         204 
    8         185 
    9         197 
   10         166 
   11         176 
   12         163 
   13         152 
   14         181 
   15         200 
   16         193 
   17         209 
   18         181 
   19         200 
   20         204 
   21         195 
   22         163 
   23         164 
   24         150 
   25         190 
   26         163 
   27         139 
   28         130 
   29         138 
   30         123 
   31         107 
   32          90 
   33          95 
   34          80 
   35          90 
   36          81 
   37          76 
   38          78 
   39          65 
   40          71 
   41          62 
   42          69 
   43          75 
   44         103 
   45         108 
   46         139 
   47         171 
   48         202 
   49         263 
   50         283 
   51         328 
   52         378 
   53         433 
   54         387 
   55         398 
   56         382 
   57         335 
   58         288 
   59         254 
   60         228 
   61         195 
   62         145 
   63         140 
   64         119 
   65         123 
   66         103 
   67         100 
   68          85 
   69          77 
   70          63 
   71          55 
   72          52 
   73          51 
   74          45 
   75          37 
   76          47 
   77          33 
   78          28 
   79          24 
   80          22 
   81          19 
   82          14 
   83          21 
   84          12 
   85          12 
   86           9 
   87          15 
   88           6 
   89          11 
   90           6 
   91           7 
   92           3 
   93           1 
   94           6 
   95           7 
   96           2 
   97           2 
   98           3 
   99           3 
  100           2 
  101           1 
  102           2 
  103           5 
  104           4 
  105           2 
  106           5 
  107           0 
  108           3 
  109           4 
  110           0 
  111           2 
  112           3 
  113           4 
  114           0 
  115           1 
  116           0 
  117           2 
  118           1 
  119           1 
  120           1 
  121           0 
  122           1 
  123           1 
  124           2 
  125           0 
  126           1 
  127           0 
  128           1 
  129           3 
  130           2 
  131           1 
  132           1 
  133           0 
  134           0 
  135           0 
  136           0 
  137           0 
  138           0 
  139           1 
  140           0 
  141           1 
  142           0 
  143           0 
  144           2 
  145           3 
  146           0 
  147           0 
  148           0 
  149           0 
  150           1 
  151           0 
  152           0 
  153           1 
  154           0 
  155           1 
  156           0 
  157           0 
  158           0 
  159           0 
  160           0 
  161           4 
  162           0 
  163           0 
  164           1 
  165           0 
  166           0 
  167           1 
  168           1 
  169           0 
  170           0 
  171           0 
  172           1 
  173           0 
  174           0 
  175           2 
  176           1 
  177           2 
  178           2 
  179           0 
  180           0 
  181           0 
  182           1 
  183           1 
  184           2 
  185           0 
  186           0 
  187           0 
  188           0 
  189           0 
  190           0 
  191           1 
  192           0 
  193           0 
  194           1 
  195           0 
  196           2 
  197           0 
  198           2 
  199           0 
  200           0 
  201           1 
  202           0 
  203           0 
  204           1 
  205           0 
  206           0 
  207           1 
  208           0 
  209           0 
  210           0 
  211           1 
  212           1 
  213           0 
  214           0 
  215           1 
  216           0 
  217           1 
  218           1 
  219           1 
  220           0 
  221           0 
  222           0 
  223           1 
  224           1 
  225           1 
  226           0 
  227           2 
  228           1 
  229           0 
  230           0 
  231           1 
  232           0 
  233           1 
  234           0 
  235           0 
  236           1 
  237           0 
  238           1 
  239           0 
  240           0 
  241           0 
  242           0 
  243           1 
  244           0 
  245           0 
  246           0 
  247           0 
  248           0 
  249           1 
  250           0 
  251           0 
  252           0 
  253           0 
  254           0 
  255           0 
  256           0 
  257           0 
  258           0 
  259           0 
  260           2 
  261           1 
  262           1 
  263           0 
  264           1 
  265           0 
  266           1 
  267           0 
  268           0 
  269           0 
  270           0 
  271           0 
  272           0 
  273           0 
  274           0 
  275           0 
  276           0 
  277           0 
  278           0 
  279           0 
  280           0 
  281           0 
  282           0 
  283           0 
  284           0 
  285           0 
  286           0 
  287           0 
  288           0 
  289           0 
  290           0 
  291           0 
  292           0 
  293           0 
  294           0 
  295           0 
  296           0 
  297           0 
  298           0 
  299           0 
  300           0 
  301           0 
  302           0 
  303           0 
  304           0 
  305           0 
  306           0 
  307           1 
  308           0 
  309           0 
  310           0 
  311           0 
  312           0 
  313           1 
  314           0 
  315           0 
  316           0 
  317           0 
  318           0 
  319           0 
  320           0 
  321           0 
  322           0 
  323           0 
  324           0 
  325           0 
  326           0 
  327           0 
  328           0 
  329           0 
  330           0 
  331           0 
  332           1 
  333           0 
  334           0 
  335           0 
  336           0 
  337           0 
  338           0 
  339           0 
  340           0 
  341           0 
  342           0 
  343           0 
  344           0 
  345           0 
  346           0 
  347           0 
  348           1 
  349           0 
  350           0 
  351           0 
  352           0 
  353           0 
  354           0 
  355           0 
  356           0 
  357           0 
  358           0 
  359           0 
  360           0 
  361           0 
  362           0 
  363           0 
  364           0 
  365           0 
  366           0 
  367           0 
  368           1 
  369           0 
  370           0 
  371           0 
  372           0 
  373           0 
  374           0 
  375           0 
  376           0 
  377           0 
  378           0 
  379           0 
  380           0 
  381           0 
  382           0 
  383           0 
  384           0 
  385           0 
  386           0 
  387           0 
  388           0 
  389           0 
  390           0 
  391           0 
  392           0 
  393           0 
  394           0 
  395           1 
  396           0 
  397           0 
  398           0 
  399           0 
  400           0 
  401           0 
  402           0 
  403           0 
  404           0 
  405           0 
  406           1 
  407           0 
  408           0 
  409           0 
  410           0 
  411           1 
  412           0 
  413           0 
  414           0 
  415           1 
  416           0 
  417           0 
  418           0 
  419           0 
  420           0 
  421           0 
  422           0 
  423           0 
  424           0 
  425           0 
  426           0 
  427           0 
  428           0 
  429           0 
  430           0 
  431           2 
  432           0 
  433           0 
  434           0 
  435           0 
  436           0 
  437           0 
  438           0 
  439           0 
  440           0 
  441           0 
  442           0 
  443           0 
  444           0 
  445           0 
  446           0 
  447           0 
  448           0 
  449           0 
  450           0 
  451           0 
  452           0 
  453           0 
  454           0 
  455           0 
  456           0 
  457           0 
  458           0 
  459           0 
  460           0 
  461           0 
  462           0 
  463           0 
  464           0 
  465           0 
  466           0 
  467           0 
  468           0 
  469           0 
  470           0 
  471           0 
  472           0 
  473           0 
  474           0 
  475           0 
  476           1 
  477           0 
  478           0 
  479           0 
  480           0 
  481           0 
  482           0 
  483           0 
  484           0 
  485           0 
  486           0 
  487           0 
  488           0 
  489           0 
  490           0 
  491           0 
  492           0 
  493           1 
  494           0 
  495           0 
  496           0 
  497           0 
  498           0 
  499           0 
  500           0 
  501           0 
  502           0 
  503           0 
  504           0 
  505           0 
  506           0 
  507           0 
  508           0 
  509           0 
  510           0 
  511           0 
  512           0 
