    1           0 
    2           0 
    3           0 
    4           8 
    5         197 
    6         565 
    7         580 
    8         500 
    9         483 
   10         439 
   11         441 
   12         441 
   13         463 
   14         420 
   15         431 
   16         444 
   17         470 
   18         488 
   19         467 
   20         495 
   21         436 
   22         435 
   23         482 
   24         495 
   25         429 
   26         489 
   27         479 
   28         471 
   29         434 
   30         439 
   31         436 
   32         409 
   33         452 
   34         420 
   35         388 
   36         407 
   37         361 
   38         392 
   39         346 
   40         393 
   41         370 
   42         328 
   43         352 
   44         336 
   45         371 
   46         348 
   47         333 
   48         347 
   49         319 
   50         356 
   51         341 
   52         370 
   53         357 
   54         296 
   55         348 
   56         324 
   57         279 
   58         267 
   59         242 
   60         232 
   61         224 
   62         202 
   63         214 
   64         205 
   65         186 
   66         157 
   67         161 
   68         138 
   69         134 
   70         139 
   71         137 
   72         159 
   73         123 
   74         120 
   75         133 
   76         161 
   77         137 
   78         144 
   79         171 
   80         215 
   81         215 
   82         236 
   83         315 
   84         312 
   85         405 
   86         431 
   87         464 
   88         441 
   89         491 
   90         492 
   91         537 
   92         517 
   93         447 
   94         499 
   95         457 
   96         398 
   97         359 
   98         367 
   99         314 
  100         279 
  101         255 
  102         238 
  103         202 
  104         209 
  105         158 
  106         152 
  107         139 
  108         126 
  109         132 
  110         121 
  111         115 
  112         109 
  113          93 
  114          92 
  115          67 
  116          65 
  117          69 
  118          57 
  119          56 
  120          60 
  121          40 
  122          45 
  123          56 
  124          38 
  125          35 
  126          45 
  127          30 
  128          26 
  129          31 
  130          32 
  131          35 
  132          18 
  133           8 
  134          21 
  135          25 
  136          18 
  137          25 
  138          20 
  139          13 
  140          14 
  141          11 
  142          13 
  143          15 
  144          16 
  145           4 
  146           5 
  147           4 
  148           4 
  149           1 
  150           5 
  151           2 
  152           2 
  153           1 
  154           2 
  155           3 
  156           3 
  157           1 
  158           2 
  159           0 
  160           1 
  161           2 
  162           0 
  163           1 
  164           3 
  165           0 
  166           1 
  167           2 
  168           0 
  169           1 
  170           0 
  171           1 
  172           0 
  173           0 
  174           2 
  175           0 
  176           0 
  177           3 
  178           1 
  179           2 
  180           1 
  181           0 
  182           0 
  183           0 
  184           1 
  185           0 
  186           0 
  187           0 
  188           1 
  189           0 
  190           1 
  191           0 
  192           0 
  193           0 
  194           0 
  195           0 
  196           0 
  197           0 
  198           1 
  199           0 
  200           0 
  201           1 
  202           0 
  203           0 
  204           0 
  205           0 
  206           0 
  207           0 
  208           0 
  209           0 
  210           1 
  211           0 
  212           0 
  213           0 
  214           0 
  215           1 
  216           1 
  217           0 
  218           0 
  219           0 
  220           0 
  221           0 
  222           0 
  223           0 
  224           2 
  225           0 
  226           0 
  227           0 
  228           2 
  229           0 
  230           0 
  231           0 
  232           0 
  233           0 
  234           1 
  235           0 
  236           0 
  237           0 
  238           0 
  239           0 
  240           0 
  241           0 
  242           1 
  243           0 
  244           0 
  245           1 
  246           0 
  247           1 
  248           0 
  249           0 
  250           0 
  251           0 
  252           0 
  253           0 
  254           0 
  255           0 
  256           0 
  257           0 
  258           0 
  259           1 
  260           0 
  261           1 
  262           0 
  263           0 
  264           0 
  265           0 
  266           0 
  267           0 
  268           0 
  269           0 
  270           0 
  271           0 
  272           0 
  273           0 
  274           0 
  275           0 
  276           0 
  277           0 
  278           0 
  279           0 
  280           0 
  281           1 
  282           0 
  283           0 
  284           0 
  285           0 
  286           0 
  287           0 
  288           1 
  289           2 
  290           1 
  291           0 
  292           0 
  293           0 
  294           0 
  295           0 
  296           0 
  297           0 
  298           0 
  299           0 
  300           0 
  301           0 
  302           0 
  303           0 
  304           0 
  305           0 
  306           0 
  307           0 
  308           0 
  309           0 
  310           0 
  311           0 
  312           0 
  313           0 
  314           0 
  315           0 
  316           0 
  317           1 
  318           2 
  319           0 
  320           0 
  321           0 
  322           0 
  323           0 
  324           0 
  325           0 
  326           0 
  327           0 
  328           0 
  329           1 
  330           0 
  331           0 
  332           0 
  333           0 
  334           0 
  335           0 
  336           0 
  337           0 
  338           0 
  339           0 
  340           0 
  341           0 
  342           0 
  343           0 
  344           0 
  345           0 
  346           0 
  347           0 
  348           0 
  349           0 
  350           0 
  351           0 
  352           0 
  353           1 
  354           0 
  355           0 
  356           0 
  357           0 
  358           0 
  359           0 
  360           0 
  361           0 
  362           0 
  363           0 
  364           0 
  365           0 
  366           0 
  367           1 
  368           0 
  369           0 
  370           0 
  371           0 
  372           0 
  373           0 
  374           0 
  375           0 
  376           0 
  377           0 
  378           0 
  379           0 
  380           0 
  381           0 
  382           0 
  383           0 
  384           0 
  385           0 
  386           0 
  387           0 
  388           0 
  389           0 
  390           0 
  391           0 
  392           0 
  393           0 
  394           0 
  395           0 
  396           0 
  397           0 
  398           0 
  399           0 
  400           0 
  401           1 
  402           0 
  403           0 
  404           0 
  405           0 
  406           1 
  407           0 
  408           0 
  409           0 
  410           0 
  411           0 
  412           1 
  413           0 
  414           0 
  415           0 
  416           0 
  417           0 
  418           0 
  419           0 
  420           0 
  421           0 
  422           0 
  423           0 
  424           0 
  425           0 
  426           0 
  427           0 
  428           0 
  429           0 
  430           0 
  431           0 
  432           0 
  433           0 
  434           0 
  435           0 
  436           0 
  437           0 
  438           0 
  439           0 
  440           0 
  441           0 
  442           0 
  443           0 
  444           0 
  445           0 
  446           0 
  447           0 
  448           0 
  449           0 
  450           0 
  451           0 
  452           0 
  453           0 
  454           0 
  455           0 
  456           0 
  457           0 
  458           0 
  459           0 
  460           0 
  461           0 
  462           0 
  463           0 
  464           0 
  465           0 
  466           0 
  467           0 
  468           0 
  469           0 
  470           0 
  471           0 
  472           0 
  473           0 
  474           0 
  475           0 
  476           0 
  477           0 
  478           1 
  479           0 
  480           0 
  481           0 
  482           0 
  483           0 
  484           0 
  485           0 
  486           0 
  487           0 
  488           0 
  489           0 
  490           0 
  491           0 
  492           0 
  493           0 
  494           0 
  495           0 
  496           0 
  497           0 
  498           0 
  499           0 
  500           0 
  501           0 
  502           0 
  503           0 
  504           0 
  505           0 
  506           0 
  507           0 
  508           0 
  509           0 
  510           0 
  511           0 
  512           0 
