    1           0 
    2           0 
    3           0 
    4          70 
    5        6928 
    6       22329 
    7       23081 
    8       21745 
    9       21352 
   10       21647 
   11       22451 
   12       23257 
   13       24061 
   14       25037 
   15       25490 
   16       25831 
   17       25526 
   18       25630 
   19       26156 
   20       25973 
   21       26477 
   22       26697 
   23       26793 
   24       27753 
   25       27913 
   26       27697 
   27       27191 
   28       26722 
   29       26622 
   30       25972 
   31       25845 
   32       25044 
   33       24360 
   34       23633 
   35       23233 
   36       22770 
   37       22023 
   38       21290 
   39       20900 
   40       20840 
   41       20201 
   42       19731 
   43       19264 
   44       18918 
   45       18665 
   46       18192 
   47       17766 
   48       17713 
   49       16883 
   50       16727 
   51       16344 
   52       16176 
   53       15889 
   54       15600 
   55       15171 
   56       15178 
   57       14852 
   58       14577 
   59       14619 
   60       14137 
   61       13764 
   62       13559 
   63       13000 
   64       13142 
   65       12684 
   66       12132 
   67       11932 
   68       11475 
   69       11242 
   70       10588 
   71       10314 
   72        9791 
   73        9531 
   74        9204 
   75        8797 
   76        8608 
   77        8305 
   78        8179 
   79        8151 
   80        7827 
   81        7785 
   82        7700 
   83        7492 
   84        7760 
   85        7655 
   86        7730 
   87        7720 
   88        7560 
   89        7684 
   90        7765 
   91        7987 
   92        8054 
   93        8332 
   94        8358 
   95        8710 
   96        8807 
   97        9087 
   98        8998 
   99        9602 
  100        9328 
  101        9516 
  102        9340 
  103        9362 
  104        8818 
  105        8447 
  106        7989 
  107        7409 
  108        6815 
  109        6266 
  110        5753 
  111        5218 
  112        4805 
  113        4275 
  114        3929 
  115        3526 
  116        3111 
  117        2808 
  118        2664 
  119        2392 
  120        2161 
  121        2013 
  122        1813 
  123        1776 
  124        1625 
  125        1543 
  126        1441 
  127        1294 
  128        1253 
  129        1185 
  130        1092 
  131        1044 
  132         946 
  133         990 
  134         923 
  135         870 
  136         769 
  137         777 
  138         673 
  139         659 
  140         598 
  141         581 
  142         514 
  143         453 
  144         454 
  145         386 
  146         383 
  147         333 
  148         361 
  149         277 
  150         289 
  151         265 
  152         230 
  153         180 
  154         188 
  155         167 
  156         146 
  157         133 
  158         109 
  159         114 
  160          94 
  161          88 
  162          89 
  163          53 
  164          56 
  165          47 
  166          43 
  167          48 
  168          28 
  169          34 
  170          39 
  171          24 
  172          22 
  173          31 
  174          21 
  175          11 
  176          21 
  177          15 
  178          15 
  179          11 
  180          15 
  181           8 
  182           5 
  183           8 
  184           8 
  185          12 
  186          12 
  187           9 
  188           7 
  189           4 
  190           7 
  191          14 
  192           5 
  193           7 
  194           6 
  195           4 
  196           7 
  197           5 
  198           4 
  199           3 
  200           7 
  201           7 
  202           4 
  203           4 
  204           2 
  205           5 
  206           5 
  207           4 
  208           2 
  209           2 
  210           3 
  211           3 
  212           1 
  213           1 
  214           4 
  215           4 
  216           3 
  217           4 
  218           1 
  219           1 
  220           3 
  221           1 
  222           2 
  223           1 
  224           1 
  225           2 
  226           0 
  227           2 
  228           4 
  229           1 
  230           4 
  231           1 
  232           2 
  233           3 
  234           2 
  235           1 
  236           0 
  237           1 
  238           0 
  239           1 
  240           1 
  241           2 
  242           1 
  243           0 
  244           1 
  245           1 
  246           0 
  247           0 
  248           0 
  249           1 
  250           1 
  251           0 
  252           2 
  253           0 
  254           0 
  255           0 
  256           0 
  257           0 
  258           0 
  259           1 
  260           0 
  261           0 
  262           0 
  263           0 
  264           0 
  265           0 
  266           0 
  267           0 
  268           0 
  269           0 
  270           0 
  271           0 
  272           0 
  273           0 
  274           0 
  275           1 
  276           0 
  277           0 
  278           0 
  279           1 
  280           1 
  281           0 
  282           0 
  283           1 
  284           0 
  285           0 
  286           0 
  287           1 
  288           0 
  289           2 
  290           1 
  291           0 
  292           1 
  293           0 
  294           2 
  295           0 
  296           0 
  297           0 
  298           0 
  299           0 
  300           0 
  301           1 
  302           0 
  303           1 
  304           0 
  305           1 
  306           0 
  307           0 
  308           0 
  309           0 
  310           0 
  311           0 
  312           1 
  313           0 
  314           0 
  315           0 
  316           0 
  317           0 
  318           0 
  319           0 
  320           0 
  321           0 
  322           0 
  323           0 
  324           0 
  325           0 
  326           0 
  327           0 
  328           0 
  329           0 
  330           0 
  331           0 
  332           0 
  333           0 
  334           1 
  335           0 
  336           0 
  337           1 
  338           0 
  339           0 
  340           0 
  341           0 
  342           0 
  343           0 
  344           0 
  345           0 
  346           0 
  347           0 
  348           0 
  349           0 
  350           0 
  351           0 
  352           0 
  353           0 
  354           0 
  355           1 
  356           0 
  357           0 
  358           0 
  359           0 
  360           0 
  361           0 
  362           0 
  363           0 
  364           0 
  365           0 
  366           1 
  367           0 
  368           0 
  369           0 
  370           0 
  371           0 
  372           0 
  373           0 
  374           0 
  375           0 
  376           0 
  377           0 
  378           0 
  379           0 
  380           0 
  381           0 
  382           0 
  383           0 
  384           0 
  385           0 
  386           1 
  387           0 
  388           0 
  389           0 
  390           0 
  391           0 
  392           0 
  393           0 
  394           0 
  395           0 
  396           0 
  397           0 
  398           0 
  399           0 
  400           1 
  401           1 
  402           0 
  403           0 
  404           0 
  405           0 
  406           1 
  407           0 
  408           0 
  409           0 
  410           0 
  411           1 
  412           1 
  413           0 
  414           0 
  415           0 
  416           0 
  417           0 
  418           0 
  419           0 
  420           0 
  421           1 
  422           0 
  423           0 
  424           0 
  425           0 
  426           0 
  427           1 
  428           0 
  429           0 
  430           0 
  431           0 
  432           0 
  433           0 
  434           0 
  435           0 
  436           0 
  437           0 
  438           0 
  439           0 
  440           0 
  441           0 
  442           0 
  443           0 
  444           0 
  445           0 
  446           0 
  447           0 
  448           0 
  449           0 
  450           0 
  451           0 
  452           0 
  453           0 
  454           0 
  455           0 
  456           0 
  457           0 
  458           0 
  459           0 
  460           1 
  461           0 
  462           0 
  463           0 
  464           0 
  465           0 
  466           0 
  467           0 
  468           0 
  469           0 
  470           0 
  471           0 
  472           0 
  473           0 
  474           0 
  475           0 
  476           0 
  477           0 
  478           0 
  479           0 
  480           0 
  481           0 
  482           0 
  483           0 
  484           0 
  485           1 
  486           0 
  487           0 
  488           0 
  489           0 
  490           1 
  491           0 
  492           0 
  493           0 
  494           0 
  495           0 
  496           0 
  497           0 
  498           0 
  499           0 
  500           0 
  501           0 
  502           0 
  503           0 
  504           0 
  505           0 
  506           0 
  507           0 
  508           0 
  509           0 
  510           0 
  511           0 
  512           0 
