    1           0 
    2           0 
    3           1 
    4           1 
    5         133 
    6         353 
    7         363 
    8         310 
    9         268 
   10         283 
   11         287 
   12         278 
   13         267 
   14         265 
   15         293 
   16         303 
   17         277 
   18         280 
   19         283 
   20         264 
   21         320 
   22         290 
   23         286 
   24         270 
   25         288 
   26         269 
   27         259 
   28         249 
   29         255 
   30         261 
   31         246 
   32         238 
   33         241 
   34         245 
   35         244 
   36         243 
   37         225 
   38         203 
   39         213 
   40         184 
   41         164 
   42         171 
   43         139 
   44         146 
   45         140 
   46         122 
   47         116 
   48         129 
   49         106 
   50          88 
   51          82 
   52          86 
   53          87 
   54          79 
   55          83 
   56          87 
   57         107 
   58         110 
   59         114 
   60         124 
   61         136 
   62         155 
   63         200 
   64         231 
   65         262 
   66         306 
   67         304 
   68         367 
   69         389 
   70         422 
   71         392 
   72         416 
   73         394 
   74         387 
   75         318 
   76         300 
   77         325 
   78         246 
   79         272 
   80         215 
   81         181 
   82         171 
   83         146 
   84         151 
   85         137 
   86         102 
   87         115 
   88          97 
   89          72 
   90          81 
   91          72 
   92          52 
   93          73 
   94          51 
   95          53 
   96          52 
   97          38 
   98          51 
   99          27 
  100          33 
  101          32 
  102          32 
  103          17 
  104          30 
  105          28 
  106          25 
  107          19 
  108          16 
  109          13 
  110           6 
  111          14 
  112          10 
  113          10 
  114          11 
  115           6 
  116           7 
  117           6 
  118           8 
  119           7 
  120           4 
  121           3 
  122           2 
  123           2 
  124           5 
  125           3 
  126           0 
  127           2 
  128           1 
  129           3 
  130           3 
  131           1 
  132           1 
  133           0 
  134           2 
  135           1 
  136           3 
  137           0 
  138           0 
  139           1 
  140           1 
  141           2 
  142           0 
  143           1 
  144           0 
  145           1 
  146           0 
  147           1 
  148           0 
  149           0 
  150           1 
  151           1 
  152           1 
  153           1 
  154           2 
  155           1 
  156           0 
  157           1 
  158           1 
  159           0 
  160           0 
  161           0 
  162           1 
  163           0 
  164           1 
  165           0 
  166           0 
  167           0 
  168           1 
  169           1 
  170           0 
  171           2 
  172           0 
  173           2 
  174           0 
  175           1 
  176           1 
  177           1 
  178           0 
  179           1 
  180           1 
  181           1 
  182           0 
  183           1 
  184           1 
  185           1 
  186           1 
  187           2 
  188           1 
  189           0 
  190           0 
  191           0 
  192           1 
  193           0 
  194           1 
  195           0 
  196           0 
  197           1 
  198           1 
  199           0 
  200           0 
  201           1 
  202           2 
  203           0 
  204           1 
  205           0 
  206           0 
  207           0 
  208           2 
  209           0 
  210           0 
  211           0 
  212           1 
  213           0 
  214           0 
  215           1 
  216           2 
  217           1 
  218           1 
  219           0 
  220           0 
  221           0 
  222           0 
  223           0 
  224           1 
  225           0 
  226           0 
  227           0 
  228           0 
  229           1 
  230           1 
  231           0 
  232           0 
  233           0 
  234           0 
  235           0 
  236           0 
  237           0 
  238           0 
  239           0 
  240           0 
  241           0 
  242           0 
  243           0 
  244           0 
  245           0 
  246           0 
  247           0 
  248           0 
  249           0 
  250           0 
  251           0 
  252           1 
  253           0 
  254           1 
  255           1 
  256           0 
  257           0 
  258           0 
  259           0 
  260           0 
  261           0 
  262           0 
  263           0 
  264           1 
  265           0 
  266           0 
  267           0 
  268           0 
  269           0 
  270           0 
  271           0 
  272           0 
  273           0 
  274           0 
  275           0 
  276           0 
  277           0 
  278           0 
  279           0 
  280           0 
  281           1 
  282           0 
  283           0 
  284           1 
  285           0 
  286           0 
  287           0 
  288           0 
  289           0 
  290           0 
  291           0 
  292           1 
  293           0 
  294           0 
  295           1 
  296           0 
  297           0 
  298           0 
  299           0 
  300           0 
  301           0 
  302           0 
  303           0 
  304           0 
  305           0 
  306           0 
  307           1 
  308           0 
  309           1 
  310           0 
  311           0 
  312           1 
  313           1 
  314           0 
  315           0 
  316           0 
  317           0 
  318           0 
  319           0 
  320           0 
  321           0 
  322           0 
  323           0 
  324           0 
  325           1 
  326           0 
  327           0 
  328           1 
  329           0 
  330           0 
  331           0 
  332           0 
  333           1 
  334           0 
  335           0 
  336           0 
  337           0 
  338           0 
  339           0 
  340           0 
  341           0 
  342           0 
  343           0 
  344           0 
  345           0 
  346           0 
  347           0 
  348           0 
  349           0 
  350           0 
  351           0 
  352           0 
  353           0 
  354           0 
  355           0 
  356           0 
  357           0 
  358           1 
  359           1 
  360           0 
  361           0 
  362           0 
  363           0 
  364           0 
  365           0 
  366           0 
  367           1 
  368           0 
  369           0 
  370           0 
  371           0 
  372           0 
  373           0 
  374           0 
  375           0 
  376           2 
  377           0 
  378           0 
  379           0 
  380           0 
  381           0 
  382           0 
  383           0 
  384           0 
  385           0 
  386           0 
  387           0 
  388           0 
  389           0 
  390           0 
  391           0 
  392           0 
  393           0 
  394           0 
  395           0 
  396           0 
  397           0 
  398           0 
  399           0 
  400           0 
  401           0 
  402           0 
  403           0 
  404           0 
  405           0 
  406           0 
  407           0 
  408           0 
  409           0 
  410           0 
  411           0 
  412           0 
  413           0 
  414           0 
  415           0 
  416           0 
  417           0 
  418           0 
  419           0 
  420           0 
  421           0 
  422           0 
  423           0 
  424           0 
  425           0 
  426           0 
  427           0 
  428           0 
  429           0 
  430           0 
  431           0 
  432           0 
  433           0 
  434           0 
  435           0 
  436           0 
  437           0 
  438           0 
  439           1 
  440           0 
  441           1 
  442           0 
  443           0 
  444           0 
  445           0 
  446           0 
  447           0 
  448           0 
  449           0 
  450           0 
  451           0 
  452           0 
  453           0 
  454           0 
  455           0 
  456           0 
  457           0 
  458           0 
  459           0 
  460           0 
  461           0 
  462           0 
  463           0 
  464           0 
  465           0 
  466           0 
  467           0 
  468           0 
  469           0 
  470           0 
  471           1 
  472           0 
  473           1 
  474           0 
  475           0 
  476           0 
  477           0 
  478           0 
  479           0 
  480           0 
  481           0 
  482           0 
  483           0 
  484           0 
  485           0 
  486           0 
  487           0 
  488           0 
  489           0 
  490           0 
  491           1 
  492           0 
  493           0 
  494           0 
  495           0 
  496           0 
  497           0 
  498           0 
  499           0 
  500           0 
  501           0 
  502           0 
  503           0 
  504           0 
  505           0 
  506           0 
  507           0 
  508           0 
  509           0 
  510           0 
  511           0 
  512           0 
