    1           0 
    2           0 
    3           0 
    4           2 
    5          62 
    6         153 
    7         169 
    8         161 
    9         133 
   10         141 
   11         141 
   12         131 
   13         165 
   14         185 
   15         191 
   16         172 
   17         171 
   18         184 
   19         191 
   20         165 
   21         152 
   22         123 
   23         139 
   24         122 
   25         106 
   26         124 
   27         113 
   28          88 
   29          92 
   30          83 
   31          70 
   32          87 
   33          88 
   34          91 
   35          79 
   36          84 
   37         116 
   38         107 
   39         143 
   40         175 
   41         207 
   42         272 
   43         320 
   44         323 
   45         394 
   46         442 
   47         421 
   48         410 
   49         385 
   50         354 
   51         319 
   52         263 
   53         208 
   54         212 
   55         152 
   56         128 
   57          92 
   58          95 
   59          71 
   60          62 
   61          59 
   62          73 
   63          45 
   64          42 
   65          33 
   66          49 
   67          43 
   68          26 
   69          26 
   70          25 
   71          20 
   72          26 
   73          24 
   74          17 
   75          18 
   76          14 
   77          13 
   78           8 
   79           6 
   80           9 
   81           3 
   82           9 
   83           2 
   84           3 
   85           3 
   86           3 
   87           2 
   88           1 
   89           5 
   90           3 
   91           1 
   92           2 
   93           3 
   94           3 
   95           1 
   96           2 
   97           3 
   98           1 
   99           1 
  100           3 
  101           1 
  102           2 
  103           1 
  104           2 
  105           0 
  106           1 
  107           4 
  108           2 
  109           3 
  110           1 
  111           0 
  112           2 
  113           1 
  114           1 
  115           4 
  116           2 
  117           2 
  118           2 
  119           0 
  120           1 
  121           3 
  122           2 
  123           0 
  124           0 
  125           0 
  126           1 
  127           1 
  128           1 
  129           2 
  130           1 
  131           0 
  132           0 
  133           0 
  134           0 
  135           1 
  136           3 
  137           1 
  138           3 
  139           0 
  140           1 
  141           0 
  142           3 
  143           0 
  144           0 
  145           0 
  146           0 
  147           0 
  148           1 
  149           3 
  150           1 
  151           2 
  152           0 
  153           0 
  154           0 
  155           2 
  156           0 
  157           2 
  158           1 
  159           0 
  160           0 
  161           1 
  162           0 
  163           2 
  164           0 
  165           2 
  166           1 
  167           0 
  168           1 
  169           1 
  170           0 
  171           0 
  172           1 
  173           1 
  174           0 
  175           2 
  176           0 
  177           0 
  178           0 
  179           1 
  180           0 
  181           1 
  182           1 
  183           0 
  184           1 
  185           0 
  186           2 
  187           0 
  188           1 
  189           1 
  190           0 
  191           0 
  192           0 
  193           1 
  194           1 
  195           0 
  196           1 
  197           1 
  198           1 
  199           0 
  200           0 
  201           0 
  202           0 
  203           1 
  204           0 
  205           0 
  206           0 
  207           0 
  208           0 
  209           0 
  210           0 
  211           1 
  212           0 
  213           1 
  214           1 
  215           0 
  216           0 
  217           1 
  218           0 
  219           0 
  220           0 
  221           0 
  222           0 
  223           0 
  224           1 
  225           1 
  226           0 
  227           0 
  228           1 
  229           0 
  230           0 
  231           1 
  232           1 
  233           0 
  234           1 
  235           0 
  236           0 
  237           0 
  238           3 
  239           0 
  240           1 
  241           0 
  242           0 
  243           0 
  244           1 
  245           0 
  246           0 
  247           0 
  248           0 
  249           0 
  250           0 
  251           0 
  252           1 
  253           0 
  254           0 
  255           0 
  256           0 
  257           0 
  258           0 
  259           0 
  260           0 
  261           0 
  262           0 
  263           1 
  264           0 
  265           0 
  266           0 
  267           0 
  268           0 
  269           0 
  270           0 
  271           0 
  272           0 
  273           0 
  274           0 
  275           1 
  276           0 
  277           0 
  278           0 
  279           0 
  280           0 
  281           0 
  282           0 
  283           0 
  284           0 
  285           0 
  286           0 
  287           0 
  288           0 
  289           0 
  290           0 
  291           1 
  292           0 
  293           0 
  294           0 
  295           0 
  296           1 
  297           0 
  298           0 
  299           1 
  300           0 
  301           0 
  302           0 
  303           0 
  304           0 
  305           0 
  306           0 
  307           0 
  308           0 
  309           0 
  310           0 
  311           0 
  312           0 
  313           0 
  314           0 
  315           0 
  316           1 
  317           0 
  318           0 
  319           0 
  320           0 
  321           0 
  322           0 
  323           0 
  324           0 
  325           0 
  326           0 
  327           0 
  328           0 
  329           1 
  330           0 
  331           0 
  332           1 
  333           0 
  334           1 
  335           0 
  336           1 
  337           0 
  338           0 
  339           0 
  340           0 
  341           0 
  342           0 
  343           1 
  344           0 
  345           0 
  346           0 
  347           0 
  348           0 
  349           0 
  350           0 
  351           0 
  352           0 
  353           0 
  354           0 
  355           0 
  356           0 
  357           0 
  358           0 
  359           0 
  360           2 
  361           0 
  362           0 
  363           0 
  364           0 
  365           0 
  366           0 
  367           0 
  368           0 
  369           0 
  370           0 
  371           0 
  372           0 
  373           1 
  374           0 
  375           1 
  376           0 
  377           0 
  378           1 
  379           0 
  380           0 
  381           0 
  382           0 
  383           0 
  384           0 
  385           0 
  386           0 
  387           0 
  388           0 
  389           0 
  390           1 
  391           0 
  392           0 
  393           0 
  394           0 
  395           1 
  396           0 
  397           0 
  398           0 
  399           0 
  400           0 
  401           0 
  402           0 
  403           0 
  404           0 
  405           0 
  406           0 
  407           0 
  408           0 
  409           0 
  410           0 
  411           0 
  412           0 
  413           0 
  414           0 
  415           0 
  416           0 
  417           0 
  418           0 
  419           1 
  420           0 
  421           0 
  422           0 
  423           0 
  424           1 
  425           0 
  426           0 
  427           1 
  428           0 
  429           0 
  430           0 
  431           0 
  432           0 
  433           0 
  434           0 
  435           0 
  436           0 
  437           0 
  438           1 
  439           0 
  440           0 
  441           0 
  442           0 
  443           0 
  444           0 
  445           0 
  446           0 
  447           0 
  448           0 
  449           0 
  450           0 
  451           0 
  452           0 
  453           0 
  454           0 
  455           0 
  456           0 
  457           0 
  458           0 
  459           0 
  460           0 
  461           0 
  462           0 
  463           0 
  464           0 
  465           0 
  466           0 
  467           0 
  468           0 
  469           1 
  470           0 
  471           0 
  472           0 
  473           0 
  474           0 
  475           0 
  476           0 
  477           0 
  478           0 
  479           0 
  480           0 
  481           0 
  482           0 
  483           0 
  484           0 
  485           0 
  486           0 
  487           0 
  488           0 
  489           0 
  490           0 
  491           0 
  492           0 
  493           0 
  494           0 
  495           0 
  496           0 
  497           1 
  498           0 
  499           0 
  500           0 
  501           0 
  502           0 
  503           0 
  504           0 
  505           0 
  506           0 
  507           0 
  508           0 
  509           0 
  510           0 
  511           0 
  512           0 
