    1           0 
    2           0 
    3           1 
    4           2 
    5         239 
    6         829 
    7         832 
    8         750 
    9         720 
   10         667 
   11         654 
   12         703 
   13         696 
   14         718 
   15         688 
   16         695 
   17         737 
   18         747 
   19         701 
   20         750 
   21         773 
   22         782 
   23         759 
   24         750 
   25         781 
   26         821 
   27         774 
   28         783 
   29         759 
   30         702 
   31         658 
   32         687 
   33         743 
   34         710 
   35         689 
   36         644 
   37         662 
   38         616 
   39         648 
   40         603 
   41         565 
   42         622 
   43         571 
   44         547 
   45         553 
   46         525 
   47         558 
   48         533 
   49         550 
   50         521 
   51         544 
   52         566 
   53         543 
   54         582 
   55         543 
   56         562 
   57         561 
   58         535 
   59         487 
   60         512 
   61         511 
   62         465 
   63         426 
   64         440 
   65         423 
   66         411 
   67         370 
   68         367 
   69         358 
   70         319 
   71         320 
   72         305 
   73         266 
   74         272 
   75         262 
   76         273 
   77         262 
   78         208 
   79         233 
   80         218 
   81         225 
   82         245 
   83         244 
   84         275 
   85         224 
   86         264 
   87         282 
   88         327 
   89         336 
   90         409 
   91         454 
   92         526 
   93         624 
   94         565 
   95         719 
   96         675 
   97         721 
   98         685 
   99         696 
  100         667 
  101         645 
  102         621 
  103         603 
  104         537 
  105         481 
  106         467 
  107         421 
  108         347 
  109         348 
  110         284 
  111         304 
  112         253 
  113         220 
  114         167 
  115         183 
  116         172 
  117         165 
  118         139 
  119         139 
  120         137 
  121         119 
  122         107 
  123         106 
  124         103 
  125         101 
  126          75 
  127          87 
  128          88 
  129          63 
  130          83 
  131          86 
  132          58 
  133          61 
  134          52 
  135          50 
  136          51 
  137          41 
  138          53 
  139          44 
  140          33 
  141          37 
  142          29 
  143          29 
  144          31 
  145          32 
  146          18 
  147          18 
  148          29 
  149          23 
  150          20 
  151          19 
  152          17 
  153           9 
  154           8 
  155           8 
  156          12 
  157           7 
  158           5 
  159           5 
  160           3 
  161           5 
  162           4 
  163           4 
  164           6 
  165           2 
  166           5 
  167           1 
  168           1 
  169           3 
  170           0 
  171           1 
  172           2 
  173           3 
  174           1 
  175           1 
  176           0 
  177           2 
  178           0 
  179           0 
  180           1 
  181           0 
  182           0 
  183           1 
  184           0 
  185           0 
  186           1 
  187           0 
  188           1 
  189           0 
  190           1 
  191           1 
  192           0 
  193           1 
  194           0 
  195           0 
  196           0 
  197           1 
  198           1 
  199           0 
  200           1 
  201           0 
  202           1 
  203           1 
  204           1 
  205           0 
  206           2 
  207           2 
  208           0 
  209           0 
  210           1 
  211           2 
  212           0 
  213           0 
  214           1 
  215           0 
  216           0 
  217           1 
  218           0 
  219           1 
  220           0 
  221           0 
  222           0 
  223           1 
  224           0 
  225           1 
  226           0 
  227           0 
  228           0 
  229           0 
  230           0 
  231           0 
  232           0 
  233           0 
  234           0 
  235           0 
  236           0 
  237           0 
  238           0 
  239           1 
  240           0 
  241           0 
  242           1 
  243           1 
  244           0 
  245           0 
  246           0 
  247           0 
  248           0 
  249           0 
  250           0 
  251           0 
  252           0 
  253           0 
  254           1 
  255           0 
  256           0 
  257           2 
  258           0 
  259           0 
  260           0 
  261           0 
  262           1 
  263           0 
  264           0 
  265           0 
  266           0 
  267           1 
  268           0 
  269           0 
  270           0 
  271           0 
  272           1 
  273           0 
  274           0 
  275           0 
  276           0 
  277           0 
  278           0 
  279           0 
  280           1 
  281           0 
  282           0 
  283           0 
  284           0 
  285           0 
  286           0 
  287           0 
  288           0 
  289           0 
  290           0 
  291           0 
  292           0 
  293           0 
  294           0 
  295           0 
  296           0 
  297           0 
  298           1 
  299           0 
  300           0 
  301           0 
  302           1 
  303           0 
  304           0 
  305           0 
  306           0 
  307           0 
  308           0 
  309           0 
  310           0 
  311           0 
  312           0 
  313           0 
  314           0 
  315           0 
  316           0 
  317           1 
  318           1 
  319           0 
  320           0 
  321           0 
  322           0 
  323           0 
  324           1 
  325           0 
  326           0 
  327           0 
  328           1 
  329           0 
  330           1 
  331           0 
  332           0 
  333           0 
  334           0 
  335           0 
  336           0 
  337           0 
  338           0 
  339           0 
  340           0 
  341           0 
  342           0 
  343           0 
  344           0 
  345           1 
  346           1 
  347           0 
  348           0 
  349           0 
  350           0 
  351           0 
  352           0 
  353           0 
  354           0 
  355           0 
  356           0 
  357           0 
  358           0 
  359           0 
  360           1 
  361           0 
  362           0 
  363           0 
  364           0 
  365           0 
  366           0 
  367           0 
  368           0 
  369           0 
  370           0 
  371           0 
  372           0 
  373           0 
  374           0 
  375           0 
  376           0 
  377           0 
  378           0 
  379           0 
  380           1 
  381           0 
  382           0 
  383           0 
  384           0 
  385           0 
  386           0 
  387           0 
  388           0 
  389           0 
  390           0 
  391           0 
  392           0 
  393           0 
  394           0 
  395           0 
  396           0 
  397           1 
  398           0 
  399           0 
  400           0 
  401           0 
  402           0 
  403           0 
  404           0 
  405           0 
  406           0 
  407           0 
  408           0 
  409           0 
  410           0 
  411           0 
  412           0 
  413           0 
  414           0 
  415           0 
  416           0 
  417           0 
  418           0 
  419           0 
  420           0 
  421           0 
  422           0 
  423           0 
  424           0 
  425           0 
  426           0 
  427           0 
  428           0 
  429           0 
  430           0 
  431           0 
  432           0 
  433           0 
  434           0 
  435           1 
  436           0 
  437           0 
  438           0 
  439           0 
  440           0 
  441           0 
  442           0 
  443           0 
  444           0 
  445           0 
  446           0 
  447           0 
  448           1 
  449           0 
  450           0 
  451           0 
  452           0 
  453           0 
  454           0 
  455           1 
  456           0 
  457           0 
  458           0 
  459           0 
  460           0 
  461           0 
  462           1 
  463           0 
  464           0 
  465           0 
  466           0 
  467           0 
  468           0 
  469           0 
  470           0 
  471           0 
  472           0 
  473           0 
  474           0 
  475           0 
  476           0 
  477           0 
  478           0 
  479           0 
  480           0 
  481           0 
  482           1 
  483           0 
  484           0 
  485           0 
  486           0 
  487           0 
  488           0 
  489           0 
  490           1 
  491           0 
  492           0 
  493           0 
  494           0 
  495           0 
  496           0 
  497           0 
  498           0 
  499           0 
  500           0 
  501           0 
  502           0 
  503           0 
  504           0 
  505           0 
  506           0 
  507           0 
  508           0 
  509           0 
  510           0 
  511           0 
  512           0 
