    1           0 
    2           0 
    3           0 
    4           0 
    5          41 
    6         117 
    7         101 
    8         124 
    9         115 
   10         129 
   11         108 
   12         129 
   13         137 
   14         129 
   15         127 
   16         135 
   17         112 
   18         104 
   19         109 
   20          93 
   21          92 
   22         107 
   23          97 
   24          84 
   25         100 
   26         101 
   27         118 
   28         130 
   29         183 
   30         215 
   31         297 
   32         385 
   33         481 
   34         505 
   35         556 
   36         564 
   37         557 
   38         527 
   39         411 
   40         354 
   41         264 
   42         233 
   43         217 
   44         138 
   45         119 
   46          88 
   47          79 
   48          72 
   49          71 
   50          53 
   51          43 
   52          50 
   53          23 
   54          28 
   55          21 
   56          18 
   57          23 
   58          21 
   59          13 
   60          16 
   61           9 
   62          15 
   63          14 
   64           7 
   65           3 
   66           6 
   67           3 
   68           4 
   69           3 
   70           4 
   71           0 
   72           6 
   73           3 
   74           3 
   75           2 
   76           2 
   77           3 
   78           5 
   79           3 
   80           3 
   81           4 
   82           2 
   83           6 
   84           2 
   85           4 
   86           2 
   87           3 
   88           2 
   89           1 
   90           2 
   91           3 
   92           2 
   93           1 
   94           1 
   95           2 
   96           2 
   97           2 
   98           1 
   99           1 
  100           2 
  101           0 
  102           3 
  103           1 
  104           3 
  105           0 
  106           2 
  107           4 
  108           2 
  109           5 
  110           4 
  111           1 
  112           1 
  113           2 
  114           3 
  115           1 
  116           1 
  117           1 
  118           1 
  119           0 
  120           1 
  121           2 
  122           1 
  123           2 
  124           1 
  125           0 
  126           2 
  127           0 
  128           1 
  129           0 
  130           1 
  131           2 
  132           2 
  133           2 
  134           0 
  135           2 
  136           0 
  137           0 
  138           2 
  139           2 
  140           0 
  141           0 
  142           1 
  143           2 
  144           0 
  145           1 
  146           0 
  147           1 
  148           0 
  149           0 
  150           1 
  151           0 
  152           1 
  153           0 
  154           0 
  155           0 
  156           1 
  157           0 
  158           1 
  159           2 
  160           1 
  161           1 
  162           2 
  163           0 
  164           1 
  165           0 
  166           0 
  167           0 
  168           0 
  169           0 
  170           1 
  171           1 
  172           0 
  173           1 
  174           1 
  175           1 
  176           0 
  177           1 
  178           0 
  179           0 
  180           0 
  181           0 
  182           0 
  183           0 
  184           0 
  185           1 
  186           1 
  187           0 
  188           0 
  189           1 
  190           0 
  191           0 
  192           0 
  193           0 
  194           2 
  195           0 
  196           1 
  197           0 
  198           2 
  199           1 
  200           0 
  201           0 
  202           0 
  203           0 
  204           0 
  205           0 
  206           0 
  207           2 
  208           1 
  209           0 
  210           1 
  211           1 
  212           0 
  213           1 
  214           0 
  215           0 
  216           0 
  217           0 
  218           0 
  219           0 
  220           1 
  221           0 
  222           0 
  223           0 
  224           0 
  225           0 
  226           1 
  227           1 
  228           0 
  229           0 
  230           1 
  231           0 
  232           0 
  233           1 
  234           1 
  235           1 
  236           1 
  237           0 
  238           0 
  239           1 
  240           1 
  241           1 
  242           0 
  243           0 
  244           1 
  245           1 
  246           0 
  247           0 
  248           0 
  249           0 
  250           0 
  251           0 
  252           0 
  253           0 
  254           0 
  255           0 
  256           1 
  257           0 
  258           0 
  259           0 
  260           0 
  261           0 
  262           0 
  263           0 
  264           0 
  265           0 
  266           0 
  267           0 
  268           0 
  269           0 
  270           0 
  271           1 
  272           0 
  273           0 
  274           0 
  275           0 
  276           0 
  277           0 
  278           0 
  279           1 
  280           0 
  281           0 
  282           0 
  283           0 
  284           0 
  285           0 
  286           1 
  287           0 
  288           0 
  289           0 
  290           0 
  291           0 
  292           0 
  293           0 
  294           0 
  295           0 
  296           0 
  297           1 
  298           0 
  299           0 
  300           0 
  301           0 
  302           0 
  303           0 
  304           0 
  305           0 
  306           0 
  307           0 
  308           0 
  309           0 
  310           1 
  311           0 
  312           0 
  313           0 
  314           0 
  315           0 
  316           0 
  317           0 
  318           0 
  319           0 
  320           0 
  321           0 
  322           0 
  323           0 
  324           0 
  325           0 
  326           0 
  327           0 
  328           0 
  329           0 
  330           0 
  331           1 
  332           0 
  333           0 
  334           0 
  335           0 
  336           0 
  337           0 
  338           1 
  339           0 
  340           0 
  341           0 
  342           0 
  343           0 
  344           0 
  345           0 
  346           0 
  347           0 
  348           0 
  349           0 
  350           0 
  351           0 
  352           0 
  353           0 
  354           0 
  355           0 
  356           0 
  357           0 
  358           0 
  359           0 
  360           0 
  361           1 
  362           0 
  363           1 
  364           1 
  365           0 
  366           0 
  367           0 
  368           0 
  369           0 
  370           0 
  371           0 
  372           0 
  373           0 
  374           0 
  375           0 
  376           0 
  377           0 
  378           0 
  379           0 
  380           0 
  381           0 
  382           0 
  383           0 
  384           0 
  385           0 
  386           0 
  387           0 
  388           0 
  389           0 
  390           0 
  391           0 
  392           0 
  393           0 
  394           0 
  395           1 
  396           1 
  397           0 
  398           0 
  399           0 
  400           0 
  401           0 
  402           0 
  403           0 
  404           0 
  405           0 
  406           0 
  407           0 
  408           0 
  409           0 
  410           0 
  411           0 
  412           0 
  413           0 
  414           0 
  415           0 
  416           0 
  417           0 
  418           0 
  419           0 
  420           0 
  421           0 
  422           0 
  423           0 
  424           0 
  425           0 
  426           0 
  427           0 
  428           0 
  429           1 
  430           0 
  431           0 
  432           1 
  433           0 
  434           0 
  435           0 
  436           0 
  437           0 
  438           0 
  439           0 
  440           0 
  441           0 
  442           0 
  443           0 
  444           0 
  445           0 
  446           0 
  447           0 
  448           0 
  449           0 
  450           0 
  451           1 
  452           0 
  453           0 
  454           1 
  455           0 
  456           0 
  457           0 
  458           0 
  459           0 
  460           0 
  461           0 
  462           0 
  463           0 
  464           0 
  465           0 
  466           0 
  467           0 
  468           0 
  469           0 
  470           1 
  471           0 
  472           0 
  473           0 
  474           0 
  475           0 
  476           0 
  477           0 
  478           0 
  479           0 
  480           1 
  481           1 
  482           0 
  483           0 
  484           0 
  485           0 
  486           0 
  487           0 
  488           0 
  489           0 
  490           1 
  491           0 
  492           0 
  493           0 
  494           0 
  495           0 
  496           0 
  497           0 
  498           0 
  499           0 
  500           0 
  501           0 
  502           0 
  503           0 
  504           0 
  505           0 
  506           0 
  507           0 
  508           0 
  509           0 
  510           0 
  511           0 
  512           0 
