    1           0 
    2           0 
    3           1 
    4           2 
    5          45 
    6         122 
    7         128 
    8          95 
    9         121 
   10         119 
   11         135 
   12         152 
   13         136 
   14         133 
   15         160 
   16         164 
   17         139 
   18         155 
   19         119 
   20         136 
   21         114 
   22          87 
   23         104 
   24          83 
   25          82 
   26          98 
   27          81 
   28          73 
   29          84 
   30          66 
   31         100 
   32         109 
   33         137 
   34         164 
   35         216 
   36         252 
   37         324 
   38         415 
   39         492 
   40         476 
   41         511 
   42         533 
   43         446 
   44         388 
   45         337 
   46         282 
   47         221 
   48         195 
   49         163 
   50         121 
   51         108 
   52          80 
   53          80 
   54          58 
   55          49 
   56          42 
   57          45 
   58          42 
   59          40 
   60          26 
   61          33 
   62          32 
   63          20 
   64          18 
   65          17 
   66          17 
   67           6 
   68          12 
   69          10 
   70           6 
   71           3 
   72           3 
   73           6 
   74           2 
   75           6 
   76           2 
   77           3 
   78           2 
   79           4 
   80           4 
   81           4 
   82           1 
   83           1 
   84           2 
   85           1 
   86           0 
   87           1 
   88           1 
   89           1 
   90           0 
   91           0 
   92           1 
   93           4 
   94           1 
   95           1 
   96           3 
   97           0 
   98           0 
   99           2 
  100           2 
  101           1 
  102           4 
  103           2 
  104           0 
  105           1 
  106           1 
  107           1 
  108           1 
  109           3 
  110           1 
  111           3 
  112           0 
  113           0 
  114           3 
  115           1 
  116           1 
  117           2 
  118           0 
  119           1 
  120           1 
  121           2 
  122           1 
  123           2 
  124           1 
  125           1 
  126           3 
  127           1 
  128           1 
  129           1 
  130           0 
  131           2 
  132           0 
  133           1 
  134           2 
  135           3 
  136           0 
  137           0 
  138           3 
  139           0 
  140           1 
  141           1 
  142           0 
  143           1 
  144           1 
  145           4 
  146           1 
  147           0 
  148           1 
  149           0 
  150           1 
  151           0 
  152           2 
  153           1 
  154           0 
  155           0 
  156           0 
  157           1 
  158           1 
  159           1 
  160           2 
  161           2 
  162           1 
  163           0 
  164           0 
  165           0 
  166           0 
  167           0 
  168           2 
  169           1 
  170           0 
  171           0 
  172           1 
  173           0 
  174           0 
  175           0 
  176           1 
  177           0 
  178           1 
  179           1 
  180           0 
  181           0 
  182           0 
  183           2 
  184           0 
  185           0 
  186           0 
  187           1 
  188           0 
  189           0 
  190           0 
  191           0 
  192           0 
  193           0 
  194           0 
  195           0 
  196           3 
  197           1 
  198           1 
  199           0 
  200           0 
  201           1 
  202           1 
  203           1 
  204           0 
  205           0 
  206           0 
  207           0 
  208           0 
  209           0 
  210           0 
  211           2 
  212           0 
  213           1 
  214           0 
  215           0 
  216           0 
  217           0 
  218           1 
  219           0 
  220           1 
  221           0 
  222           0 
  223           0 
  224           0 
  225           0 
  226           1 
  227           0 
  228           0 
  229           0 
  230           0 
  231           0 
  232           0 
  233           1 
  234           1 
  235           1 
  236           0 
  237           0 
  238           2 
  239           0 
  240           0 
  241           0 
  242           0 
  243           0 
  244           0 
  245           1 
  246           0 
  247           0 
  248           0 
  249           0 
  250           0 
  251           0 
  252           0 
  253           0 
  254           0 
  255           1 
  256           0 
  257           0 
  258           0 
  259           0 
  260           0 
  261           0 
  262           0 
  263           0 
  264           0 
  265           0 
  266           0 
  267           0 
  268           0 
  269           0 
  270           0 
  271           0 
  272           0 
  273           1 
  274           0 
  275           0 
  276           1 
  277           0 
  278           0 
  279           1 
  280           0 
  281           0 
  282           0 
  283           0 
  284           0 
  285           0 
  286           1 
  287           0 
  288           0 
  289           0 
  290           0 
  291           1 
  292           0 
  293           0 
  294           0 
  295           0 
  296           1 
  297           0 
  298           0 
  299           0 
  300           0 
  301           0 
  302           0 
  303           0 
  304           0 
  305           0 
  306           0 
  307           1 
  308           0 
  309           0 
  310           0 
  311           0 
  312           0 
  313           0 
  314           1 
  315           0 
  316           0 
  317           0 
  318           0 
  319           0 
  320           0 
  321           0 
  322           0 
  323           0 
  324           0 
  325           0 
  326           0 
  327           0 
  328           0 
  329           0 
  330           0 
  331           0 
  332           0 
  333           0 
  334           0 
  335           0 
  336           0 
  337           0 
  338           0 
  339           0 
  340           0 
  341           0 
  342           0 
  343           1 
  344           0 
  345           0 
  346           0 
  347           0 
  348           0 
  349           0 
  350           0 
  351           0 
  352           0 
  353           0 
  354           0 
  355           0 
  356           1 
  357           0 
  358           0 
  359           0 
  360           0 
  361           0 
  362           0 
  363           0 
  364           0 
  365           0 
  366           0 
  367           0 
  368           0 
  369           0 
  370           0 
  371           0 
  372           0 
  373           0 
  374           0 
  375           0 
  376           0 
  377           0 
  378           0 
  379           0 
  380           0 
  381           0 
  382           0 
  383           0 
  384           0 
  385           0 
  386           0 
  387           0 
  388           1 
  389           1 
  390           0 
  391           0 
  392           0 
  393           0 
  394           0 
  395           0 
  396           0 
  397           0 
  398           0 
  399           0 
  400           0 
  401           0 
  402           0 
  403           0 
  404           0 
  405           0 
  406           0 
  407           0 
  408           0 
  409           0 
  410           0 
  411           0 
  412           0 
  413           0 
  414           0 
  415           0 
  416           0 
  417           0 
  418           1 
  419           0 
  420           0 
  421           0 
  422           0 
  423           0 
  424           0 
  425           0 
  426           1 
  427           0 
  428           0 
  429           0 
  430           0 
  431           0 
  432           0 
  433           1 
  434           0 
  435           0 
  436           0 
  437           0 
  438           0 
  439           0 
  440           0 
  441           0 
  442           0 
  443           0 
  444           0 
  445           0 
  446           0 
  447           0 
  448           0 
  449           0 
  450           1 
  451           0 
  452           0 
  453           0 
  454           0 
  455           0 
  456           0 
  457           0 
  458           0 
  459           0 
  460           0 
  461           0 
  462           0 
  463           0 
  464           0 
  465           1 
  466           0 
  467           0 
  468           0 
  469           0 
  470           0 
  471           0 
  472           0 
  473           0 
  474           0 
  475           0 
  476           0 
  477           0 
  478           0 
  479           0 
  480           1 
  481           0 
  482           0 
  483           0 
  484           0 
  485           0 
  486           0 
  487           0 
  488           0 
  489           0 
  490           0 
  491           0 
  492           0 
  493           0 
  494           0 
  495           0 
  496           0 
  497           0 
  498           0 
  499           0 
  500           0 
  501           0 
  502           0 
  503           0 
  504           0 
  505           0 
  506           0 
  507           0 
  508           0 
  509           0 
  510           0 
  511           0 
  512           0 
