    1           0 
    2           0 
    3           0 
    4           1 
    5          80 
    6         253 
    7         288 
    8         228 
    9         203 
   10         210 
   11         200 
   12         216 
   13         245 
   14         210 
   15         181 
   16         198 
   17         215 
   18         236 
   19         218 
   20         233 
   21         220 
   22         261 
   23         199 
   24         267 
   25         191 
   26         223 
   27         226 
   28         191 
   29         216 
   30         168 
   31         180 
   32         174 
   33         161 
   34         187 
   35         148 
   36         133 
   37         127 
   38         122 
   39         100 
   40          81 
   41          86 
   42          81 
   43          75 
   44          88 
   45          78 
   46          83 
   47          84 
   48          72 
   49          87 
   50          85 
   51          76 
   52          93 
   53         125 
   54         154 
   55         153 
   56         166 
   57         264 
   58         257 
   59         323 
   60         335 
   61         378 
   62         383 
   63         398 
   64         390 
   65         342 
   66         303 
   67         313 
   68         282 
   69         225 
   70         210 
   71         162 
   72         146 
   73         130 
   74         129 
   75         127 
   76         104 
   77          86 
   78          84 
   79          85 
   80          85 
   81          66 
   82          71 
   83          56 
   84          68 
   85          44 
   86          43 
   87          43 
   88          32 
   89          33 
   90          33 
   91          20 
   92          27 
   93          21 
   94          23 
   95          15 
   96          15 
   97          14 
   98          15 
   99          12 
  100           5 
  101          11 
  102           7 
  103           8 
  104           7 
  105           5 
  106          10 
  107           9 
  108           2 
  109           4 
  110           4 
  111           3 
  112           2 
  113           3 
  114           3 
  115           5 
  116           1 
  117           1 
  118           2 
  119           0 
  120           0 
  121           1 
  122           2 
  123           2 
  124           1 
  125           1 
  126           3 
  127           4 
  128           1 
  129           3 
  130           1 
  131           0 
  132           1 
  133           0 
  134           0 
  135           2 
  136           0 
  137           0 
  138           0 
  139           0 
  140           0 
  141           0 
  142           0 
  143           1 
  144           1 
  145           1 
  146           2 
  147           0 
  148           0 
  149           1 
  150           0 
  151           0 
  152           0 
  153           0 
  154           1 
  155           1 
  156           0 
  157           0 
  158           1 
  159           0 
  160           1 
  161           0 
  162           2 
  163           1 
  164           0 
  165           0 
  166           0 
  167           1 
  168           2 
  169           2 
  170           3 
  171           0 
  172           1 
  173           1 
  174           0 
  175           0 
  176           0 
  177           0 
  178           2 
  179           0 
  180           3 
  181           0 
  182           2 
  183           0 
  184           0 
  185           0 
  186           1 
  187           0 
  188           1 
  189           1 
  190           0 
  191           1 
  192           1 
  193           2 
  194           0 
  195           0 
  196           0 
  197           0 
  198           0 
  199           0 
  200           0 
  201           0 
  202           0 
  203           0 
  204           0 
  205           1 
  206           0 
  207           0 
  208           0 
  209           0 
  210           1 
  211           0 
  212           0 
  213           0 
  214           0 
  215           0 
  216           0 
  217           0 
  218           0 
  219           2 
  220           0 
  221           0 
  222           0 
  223           0 
  224           0 
  225           0 
  226           1 
  227           0 
  228           1 
  229           1 
  230           0 
  231           0 
  232           1 
  233           0 
  234           0 
  235           1 
  236           0 
  237           0 
  238           0 
  239           0 
  240           1 
  241           0 
  242           0 
  243           0 
  244           0 
  245           0 
  246           0 
  247           0 
  248           0 
  249           1 
  250           0 
  251           0 
  252           0 
  253           0 
  254           0 
  255           0 
  256           0 
  257           0 
  258           0 
  259           1 
  260           0 
  261           0 
  262           0 
  263           0 
  264           0 
  265           0 
  266           0 
  267           0 
  268           0 
  269           0 
  270           0 
  271           0 
  272           0 
  273           0 
  274           0 
  275           2 
  276           0 
  277           0 
  278           1 
  279           1 
  280           0 
  281           0 
  282           0 
  283           1 
  284           2 
  285           0 
  286           0 
  287           0 
  288           0 
  289           0 
  290           0 
  291           1 
  292           0 
  293           2 
  294           1 
  295           0 
  296           0 
  297           0 
  298           0 
  299           0 
  300           0 
  301           2 
  302           0 
  303           0 
  304           0 
  305           0 
  306           0 
  307           1 
  308           0 
  309           0 
  310           0 
  311           0 
  312           0 
  313           0 
  314           0 
  315           0 
  316           0 
  317           0 
  318           0 
  319           0 
  320           0 
  321           0 
  322           1 
  323           0 
  324           1 
  325           0 
  326           0 
  327           0 
  328           0 
  329           0 
  330           0 
  331           0 
  332           0 
  333           0 
  334           0 
  335           0 
  336           0 
  337           0 
  338           0 
  339           0 
  340           0 
  341           0 
  342           1 
  343           0 
  344           0 
  345           0 
  346           0 
  347           0 
  348           0 
  349           0 
  350           0 
  351           0 
  352           0 
  353           0 
  354           0 
  355           0 
  356           0 
  357           1 
  358           0 
  359           0 
  360           0 
  361           0 
  362           0 
  363           0 
  364           0 
  365           0 
  366           0 
  367           0 
  368           0 
  369           0 
  370           0 
  371           0 
  372           0 
  373           1 
  374           0 
  375           1 
  376           0 
  377           0 
  378           1 
  379           0 
  380           0 
  381           0 
  382           0 
  383           0 
  384           0 
  385           0 
  386           0 
  387           0 
  388           0 
  389           0 
  390           0 
  391           1 
  392           1 
  393           0 
  394           1 
  395           0 
  396           0 
  397           0 
  398           0 
  399           0 
  400           0 
  401           0 
  402           0 
  403           0 
  404           0 
  405           1 
  406           0 
  407           0 
  408           0 
  409           0 
  410           0 
  411           0 
  412           0 
  413           0 
  414           0 
  415           0 
  416           0 
  417           1 
  418           0 
  419           0 
  420           0 
  421           0 
  422           0 
  423           0 
  424           0 
  425           0 
  426           0 
  427           0 
  428           0 
  429           0 
  430           0 
  431           0 
  432           0 
  433           0 
  434           1 
  435           0 
  436           1 
  437           0 
  438           0 
  439           0 
  440           0 
  441           0 
  442           0 
  443           0 
  444           0 
  445           0 
  446           0 
  447           0 
  448           0 
  449           0 
  450           0 
  451           0 
  452           0 
  453           1 
  454           0 
  455           0 
  456           0 
  457           0 
  458           0 
  459           0 
  460           0 
  461           0 
  462           0 
  463           0 
  464           0 
  465           0 
  466           0 
  467           0 
  468           0 
  469           1 
  470           0 
  471           0 
  472           0 
  473           0 
  474           0 
  475           1 
  476           0 
  477           0 
  478           1 
  479           1 
  480           0 
  481           0 
  482           0 
  483           0 
  484           0 
  485           0 
  486           0 
  487           0 
  488           0 
  489           0 
  490           0 
  491           0 
  492           0 
  493           0 
  494           0 
  495           0 
  496           0 
  497           0 
  498           0 
  499           0 
  500           0 
  501           0 
  502           0 
  503           0 
  504           0 
  505           0 
  506           0 
  507           0 
  508           0 
  509           0 
  510           0 
  511           0 
  512           0 
