    1           0 
    2           0 
    3           0 
    4           2 
    5         167 
    6         449 
    7         486 
    8         373 
    9         364 
   10         358 
   11         314 
   12         350 
   13         379 
   14         369 
   15         310 
   16         349 
   17         363 
   18         372 
   19         371 
   20         331 
   21         373 
   22         332 
   23         359 
   24         371 
   25         347 
   26         392 
   27         317 
   28         336 
   29         367 
   30         292 
   31         363 
   32         323 
   33         296 
   34         305 
   35         290 
   36         326 
   37         286 
   38         309 
   39         293 
   40         300 
   41         291 
   42         271 
   43         303 
   44         297 
   45         276 
   46         286 
   47         260 
   48         243 
   49         247 
   50         197 
   51         190 
   52         170 
   53         178 
   54         142 
   55         177 
   56         158 
   57         137 
   58         126 
   59         105 
   60         111 
   61         116 
   62         107 
   63         110 
   64          88 
   65         119 
   66         108 
   67         107 
   68          97 
   69         135 
   70         123 
   71         155 
   72         171 
   73         196 
   74         229 
   75         270 
   76         295 
   77         373 
   78         400 
   79         416 
   80         413 
   81         412 
   82         447 
   83         408 
   84         419 
   85         364 
   86         353 
   87         332 
   88         298 
   89         281 
   90         278 
   91         225 
   92         236 
   93         201 
   94         151 
   95         157 
   96         140 
   97         150 
   98         106 
   99         132 
  100          98 
  101          92 
  102          82 
  103          80 
  104          81 
  105          57 
  106          58 
  107          67 
  108          43 
  109          35 
  110          42 
  111          44 
  112          48 
  113          47 
  114          37 
  115          26 
  116          37 
  117          35 
  118          18 
  119          29 
  120          25 
  121          19 
  122          19 
  123          23 
  124          17 
  125          20 
  126          14 
  127          13 
  128           9 
  129          10 
  130           6 
  131           8 
  132          10 
  133           5 
  134           6 
  135           6 
  136           7 
  137           2 
  138           5 
  139           4 
  140           0 
  141           3 
  142           5 
  143           2 
  144           1 
  145           0 
  146           1 
  147           1 
  148           0 
  149           1 
  150           0 
  151           1 
  152           0 
  153           1 
  154           2 
  155           0 
  156           1 
  157           2 
  158           1 
  159           0 
  160           1 
  161           0 
  162           1 
  163           0 
  164           3 
  165           0 
  166           1 
  167           2 
  168           0 
  169           0 
  170           0 
  171           1 
  172           1 
  173           2 
  174           0 
  175           0 
  176           0 
  177           0 
  178           1 
  179           1 
  180           1 
  181           1 
  182           1 
  183           1 
  184           0 
  185           1 
  186           0 
  187           0 
  188           0 
  189           1 
  190           1 
  191           0 
  192           0 
  193           0 
  194           1 
  195           1 
  196           1 
  197           0 
  198           1 
  199           0 
  200           0 
  201           3 
  202           2 
  203           0 
  204           0 
  205           0 
  206           0 
  207           0 
  208           0 
  209           1 
  210           0 
  211           1 
  212           1 
  213           0 
  214           2 
  215           1 
  216           1 
  217           1 
  218           0 
  219           0 
  220           0 
  221           0 
  222           0 
  223           0 
  224           2 
  225           0 
  226           0 
  227           0 
  228           0 
  229           0 
  230           1 
  231           0 
  232           0 
  233           0 
  234           0 
  235           2 
  236           0 
  237           0 
  238           0 
  239           1 
  240           0 
  241           0 
  242           0 
  243           0 
  244           0 
  245           0 
  246           1 
  247           0 
  248           1 
  249           0 
  250           0 
  251           1 
  252           0 
  253           0 
  254           0 
  255           1 
  256           0 
  257           1 
  258           1 
  259           0 
  260           0 
  261           0 
  262           0 
  263           0 
  264           0 
  265           0 
  266           0 
  267           0 
  268           0 
  269           0 
  270           0 
  271           0 
  272           1 
  273           0 
  274           1 
  275           0 
  276           0 
  277           1 
  278           0 
  279           0 
  280           1 
  281           0 
  282           0 
  283           0 
  284           0 
  285           0 
  286           0 
  287           0 
  288           0 
  289           0 
  290           0 
  291           0 
  292           0 
  293           0 
  294           0 
  295           0 
  296           0 
  297           0 
  298           0 
  299           1 
  300           0 
  301           0 
  302           0 
  303           0 
  304           0 
  305           0 
  306           1 
  307           0 
  308           0 
  309           0 
  310           0 
  311           1 
  312           0 
  313           0 
  314           1 
  315           0 
  316           0 
  317           1 
  318           1 
  319           0 
  320           0 
  321           0 
  322           0 
  323           0 
  324           0 
  325           0 
  326           0 
  327           0 
  328           0 
  329           0 
  330           0 
  331           1 
  332           0 
  333           1 
  334           0 
  335           0 
  336           0 
  337           0 
  338           0 
  339           0 
  340           0 
  341           0 
  342           0 
  343           0 
  344           0 
  345           0 
  346           0 
  347           0 
  348           0 
  349           0 
  350           0 
  351           0 
  352           0 
  353           0 
  354           0 
  355           0 
  356           0 
  357           0 
  358           0 
  359           0 
  360           0 
  361           0 
  362           1 
  363           0 
  364           0 
  365           0 
  366           0 
  367           0 
  368           0 
  369           0 
  370           0 
  371           0 
  372           0 
  373           0 
  374           0 
  375           0 
  376           0 
  377           0 
  378           0 
  379           0 
  380           1 
  381           0 
  382           0 
  383           0 
  384           0 
  385           0 
  386           0 
  387           0 
  388           1 
  389           0 
  390           1 
  391           0 
  392           0 
  393           0 
  394           0 
  395           0 
  396           0 
  397           0 
  398           0 
  399           0 
  400           0 
  401           0 
  402           0 
  403           0 
  404           1 
  405           0 
  406           0 
  407           0 
  408           0 
  409           1 
  410           0 
  411           0 
  412           0 
  413           0 
  414           0 
  415           1 
  416           0 
  417           0 
  418           0 
  419           0 
  420           0 
  421           1 
  422           0 
  423           0 
  424           0 
  425           0 
  426           0 
  427           0 
  428           0 
  429           0 
  430           0 
  431           0 
  432           0 
  433           0 
  434           0 
  435           0 
  436           0 
  437           0 
  438           0 
  439           0 
  440           0 
  441           0 
  442           0 
  443           0 
  444           1 
  445           0 
  446           0 
  447           1 
  448           0 
  449           0 
  450           0 
  451           0 
  452           0 
  453           0 
  454           0 
  455           0 
  456           0 
  457           0 
  458           0 
  459           1 
  460           0 
  461           0 
  462           0 
  463           0 
  464           0 
  465           0 
  466           0 
  467           0 
  468           0 
  469           0 
  470           1 
  471           0 
  472           0 
  473           0 
  474           0 
  475           0 
  476           0 
  477           0 
  478           0 
  479           0 
  480           0 
  481           0 
  482           0 
  483           1 
  484           0 
  485           0 
  486           0 
  487           0 
  488           0 
  489           0 
  490           0 
  491           0 
  492           0 
  493           0 
  494           0 
  495           0 
  496           0 
  497           0 
  498           0 
  499           0 
  500           0 
  501           0 
  502           0 
  503           0 
  504           0 
  505           0 
  506           0 
  507           0 
  508           0 
  509           0 
  510           0 
  511           0 
  512           0 
