    1           0 
    2           0 
    3           1 
    4           2 
    5          16 
    6          69 
    7          69 
    8          78 
    9          69 
   10          73 
   11          66 
   12          54 
   13          67 
   14          72 
   15          65 
   16          71 
   17          69 
   18          79 
   19          78 
   20          97 
   21          90 
   22          78 
   23          82 
   24          74 
   25         109 
   26          76 
   27          87 
   28          80 
   29          78 
   30          84 
   31          79 
   32          98 
   33          77 
   34         110 
   35          78 
   36          68 
   37          83 
   38          77 
   39          79 
   40          83 
   41          59 
   42          78 
   43          74 
   44          65 
   45          60 
   46          71 
   47          70 
   48          72 
   49          70 
   50          50 
   51          74 
   52          66 
   53          68 
   54          55 
   55          59 
   56          63 
   57          51 
   58          49 
   59          51 
   60          45 
   61          37 
   62          40 
   63          43 
   64          31 
   65          32 
   66          30 
   67          27 
   68          20 
   69          26 
   70          17 
   71          22 
   72          29 
   73          24 
   74          29 
   75          21 
   76          27 
   77          20 
   78          28 
   79          35 
   80          40 
   81          33 
   82          53 
   83          66 
   84          58 
   85          53 
   86          50 
   87          81 
   88          54 
   89          73 
   90          66 
   91          74 
   92          77 
   93          63 
   94          55 
   95          63 
   96          68 
   97          66 
   98          60 
   99          33 
  100          43 
  101          43 
  102          35 
  103          41 
  104          34 
  105          31 
  106          19 
  107          26 
  108          17 
  109          23 
  110          20 
  111          21 
  112          18 
  113          18 
  114          22 
  115          15 
  116          14 
  117          10 
  118          17 
  119          17 
  120          16 
  121          22 
  122          12 
  123          15 
  124          11 
  125          13 
  126          17 
  127          11 
  128          10 
  129          11 
  130          21 
  131          17 
  132           9 
  133           8 
  134           9 
  135          10 
  136           9 
  137          11 
  138          11 
  139          16 
  140           9 
  141          13 
  142           8 
  143          14 
  144           7 
  145          13 
  146          12 
  147           9 
  148          10 
  149          10 
  150           9 
  151          11 
  152          12 
  153           9 
  154          11 
  155           8 
  156           9 
  157          10 
  158           3 
  159           5 
  160           9 
  161          10 
  162          10 
  163           6 
  164          10 
  165           8 
  166           7 
  167          11 
  168          11 
  169           8 
  170          15 
  171          14 
  172          10 
  173           9 
  174          12 
  175           9 
  176           7 
  177          14 
  178          13 
  179           7 
  180          11 
  181          11 
  182           7 
  183           2 
  184          12 
  185           8 
  186           5 
  187           7 
  188           5 
  189           5 
  190           9 
  191          10 
  192           7 
  193           8 
  194           4 
  195           8 
  196           4 
  197          11 
  198           6 
  199           3 
  200           7 
  201           6 
  202           4 
  203           1 
  204           4 
  205           5 
  206           6 
  207           8 
  208           3 
  209           3 
  210           7 
  211          10 
  212           5 
  213           3 
  214           4 
  215           2 
  216           2 
  217           1 
  218           6 
  219           3 
  220           3 
  221           5 
  222          12 
  223           4 
  224          10 
  225           8 
  226           9 
  227           9 
  228           6 
  229           8 
  230           4 
  231           6 
  232           8 
  233          10 
  234           7 
  235           9 
  236           5 
  237          10 
  238           5 
  239           6 
  240           5 
  241           6 
  242           4 
  243           7 
  244           6 
  245           4 
  246           7 
  247           7 
  248           4 
  249           3 
  250           6 
  251           4 
  252           3 
  253           3 
  254           4 
  255           6 
  256           2 
  257           2 
  258           3 
  259           3 
  260           1 
  261           3 
  262           2 
  263           5 
  264           1 
  265           3 
  266           4 
  267           1 
  268           4 
  269           5 
  270           2 
  271           3 
  272           3 
  273           1 
  274           2 
  275           3 
  276           1 
  277           3 
  278           1 
  279           3 
  280           1 
  281           0 
  282           0 
  283           0 
  284           1 
  285           1 
  286           3 
  287           2 
  288           0 
  289           0 
  290           0 
  291           2 
  292           1 
  293           1 
  294           2 
  295           1 
  296           1 
  297           2 
  298           0 
  299           2 
  300           1 
  301           0 
  302           0 
  303           2 
  304           0 
  305           4 
  306           0 
  307           0 
  308           2 
  309           1 
  310           0 
  311           0 
  312           0 
  313           0 
  314           0 
  315           0 
  316           0 
  317           0 
  318           0 
  319           0 
  320           1 
  321           0 
  322           0 
  323           1 
  324           0 
  325           1 
  326           1 
  327           0 
  328           0 
  329           0 
  330           1 
  331           1 
  332           0 
  333           1 
  334           2 
  335           1 
  336           1 
  337           1 
  338           0 
  339           0 
  340           1 
  341           0 
  342           0 
  343           1 
  344           0 
  345           0 
  346           1 
  347           1 
  348           0 
  349           0 
  350           0 
  351           0 
  352           0 
  353           0 
  354           0 
  355           0 
  356           0 
  357           1 
  358           0 
  359           0 
  360           0 
  361           0 
  362           0 
  363           0 
  364           0 
  365           0 
  366           0 
  367           0 
  368           0 
  369           0 
  370           0 
  371           0 
  372           0 
  373           0 
  374           0 
  375           0 
  376           0 
  377           0 
  378           0 
  379           0 
  380           0 
  381           0 
  382           0 
  383           0 
  384           0 
  385           0 
  386           0 
  387           0 
  388           0 
  389           0 
  390           0 
  391           0 
  392           0 
  393           0 
  394           0 
  395           0 
  396           0 
  397           0 
  398           0 
  399           0 
  400           0 
  401           0 
  402           0 
  403           0 
  404           0 
  405           0 
  406           0 
  407           0 
  408           0 
  409           0 
  410           0 
  411           0 
  412           0 
  413           0 
  414           0 
  415           0 
  416           1 
  417           0 
  418           0 
  419           0 
  420           0 
  421           0 
  422           0 
  423           0 
  424           0 
  425           0 
  426           0 
  427           0 
  428           0 
  429           0 
  430           0 
  431           0 
  432           0 
  433           0 
  434           0 
  435           0 
  436           1 
  437           1 
  438           0 
  439           0 
  440           0 
  441           0 
  442           0 
  443           0 
  444           0 
  445           0 
  446           0 
  447           0 
  448           0 
  449           1 
  450           0 
  451           0 
  452           1 
  453           1 
  454           0 
  455           0 
  456           0 
  457           1 
  458           0 
  459           0 
  460           0 
  461           0 
  462           0 
  463           0 
  464           0 
  465           0 
  466           0 
  467           0 
  468           1 
  469           0 
  470           0 
  471           0 
  472           0 
  473           0 
  474           1 
  475           0 
  476           0 
  477           0 
  478           0 
  479           0 
  480           0 
  481           0 
  482           0 
  483           0 
  484           0 
  485           0 
  486           0 
  487           0 
  488           0 
  489           0 
  490           0 
  491           0 
  492           0 
  493           0 
  494           0 
  495           0 
  496           0 
  497           0 
  498           0 
  499           0 
  500           0 
  501           0 
  502           1 
  503           0 
  504           0 
  505           0 
  506           0 
  507           0 
  508           0 
  509           0 
  510           0 
  511           0 
  512           0 
