    1           0 
    2           0 
    3           0 
    4           1 
    5          29 
    6         125 
    7         162 
    8         175 
    9         190 
   10         227 
   11         306 
   12         468 
   13         771 
   14         964 
   15        1105 
   16        1117 
   17         911 
   18         683 
   19         427 
   20         245 
   21         149 
   22          83 
   23          32 
   24          22 
   25          20 
   26          18 
   27           9 
   28           9 
   29           7 
   30           8 
   31           9 
   32          10 
   33           8 
   34           7 
   35          12 
   36           9 
   37           6 
   38           9 
   39           6 
   40           3 
   41           8 
   42           8 
   43           6 
   44           1 
   45           5 
   46           6 
   47          12 
   48           7 
   49           6 
   50           4 
   51           3 
   52           8 
   53           6 
   54           9 
   55           5 
   56           6 
   57           6 
   58           1 
   59           3 
   60           2 
   61           5 
   62           3 
   63           4 
   64           1 
   65           3 
   66           3 
   67           2 
   68           5 
   69           4 
   70           3 
   71           1 
   72           1 
   73           2 
   74           5 
   75           1 
   76           0 
   77           2 
   78           1 
   79           0 
   80           0 
   81           1 
   82           3 
   83           2 
   84           1 
   85           4 
   86           1 
   87           6 
   88           5 
   89           0 
   90           5 
   91           1 
   92           1 
   93           2 
   94           2 
   95           1 
   96           3 
   97           2 
   98           3 
   99           3 
  100           1 
  101           2 
  102           1 
  103           1 
  104           5 
  105           1 
  106           2 
  107           4 
  108           2 
  109           0 
  110           0 
  111           1 
  112           1 
  113           3 
  114           1 
  115           2 
  116           0 
  117           4 
  118           1 
  119           3 
  120           3 
  121           2 
  122           1 
  123           1 
  124           1 
  125           2 
  126           3 
  127           1 
  128           1 
  129           1 
  130           1 
  131           0 
  132           0 
  133           0 
  134           1 
  135           1 
  136           0 
  137           0 
  138           2 
  139           1 
  140           0 
  141           0 
  142           0 
  143           2 
  144           0 
  145           0 
  146           2 
  147           0 
  148           1 
  149           0 
  150           0 
  151           1 
  152           1 
  153           0 
  154           0 
  155           2 
  156           1 
  157           0 
  158           2 
  159           0 
  160           2 
  161           0 
  162           2 
  163           0 
  164           1 
  165           1 
  166           0 
  167           0 
  168           0 
  169           0 
  170           1 
  171           1 
  172           0 
  173           1 
  174           0 
  175           0 
  176           1 
  177           1 
  178           0 
  179           2 
  180           0 
  181           1 
  182           0 
  183           1 
  184           0 
  185           1 
  186           0 
  187           0 
  188           0 
  189           0 
  190           0 
  191           1 
  192           0 
  193           1 
  194           1 
  195           1 
  196           2 
  197           1 
  198           0 
  199           0 
  200           1 
  201           0 
  202           0 
  203           0 
  204           1 
  205           1 
  206           0 
  207           0 
  208           0 
  209           0 
  210           1 
  211           1 
  212           0 
  213           0 
  214           0 
  215           0 
  216           0 
  217           0 
  218           1 
  219           0 
  220           0 
  221           0 
  222           0 
  223           0 
  224           0 
  225           0 
  226           1 
  227           0 
  228           0 
  229           0 
  230           0 
  231           1 
  232           0 
  233           0 
  234           0 
  235           1 
  236           1 
  237           0 
  238           0 
  239           0 
  240           0 
  241           0 
  242           1 
  243           0 
  244           1 
  245           0 
  246           0 
  247           0 
  248           0 
  249           0 
  250           0 
  251           1 
  252           0 
  253           0 
  254           0 
  255           0 
  256           0 
  257           0 
  258           0 
  259           0 
  260           0 
  261           3 
  262           0 
  263           1 
  264           0 
  265           0 
  266           0 
  267           0 
  268           0 
  269           0 
  270           0 
  271           0 
  272           0 
  273           0 
  274           0 
  275           0 
  276           1 
  277           0 
  278           1 
  279           0 
  280           0 
  281           0 
  282           0 
  283           0 
  284           1 
  285           0 
  286           0 
  287           0 
  288           0 
  289           1 
  290           0 
  291           0 
  292           0 
  293           0 
  294           0 
  295           0 
  296           0 
  297           0 
  298           0 
  299           0 
  300           1 
  301           1 
  302           0 
  303           1 
  304           1 
  305           2 
  306           0 
  307           0 
  308           0 
  309           0 
  310           0 
  311           1 
  312           0 
  313           0 
  314           0 
  315           0 
  316           0 
  317           0 
  318           0 
  319           0 
  320           0 
  321           0 
  322           0 
  323           0 
  324           0 
  325           0 
  326           0 
  327           1 
  328           0 
  329           0 
  330           0 
  331           0 
  332           0 
  333           1 
  334           0 
  335           0 
  336           0 
  337           0 
  338           0 
  339           0 
  340           0 
  341           0 
  342           0 
  343           1 
  344           0 
  345           0 
  346           1 
  347           0 
  348           0 
  349           0 
  350           0 
  351           0 
  352           0 
  353           0 
  354           0 
  355           0 
  356           0 
  357           0 
  358           0 
  359           1 
  360           0 
  361           1 
  362           0 
  363           0 
  364           0 
  365           0 
  366           0 
  367           1 
  368           0 
  369           0 
  370           1 
  371           0 
  372           0 
  373           0 
  374           0 
  375           0 
  376           0 
  377           0 
  378           0 
  379           0 
  380           0 
  381           0 
  382           0 
  383           0 
  384           0 
  385           0 
  386           0 
  387           0 
  388           0 
  389           0 
  390           0 
  391           0 
  392           0 
  393           0 
  394           0 
  395           0 
  396           0 
  397           0 
  398           0 
  399           0 
  400           0 
  401           0 
  402           0 
  403           0 
  404           0 
  405           0 
  406           0 
  407           0 
  408           0 
  409           0 
  410           0 
  411           0 
  412           0 
  413           0 
  414           0 
  415           0 
  416           0 
  417           0 
  418           0 
  419           0 
  420           0 
  421           0 
  422           0 
  423           1 
  424           0 
  425           0 
  426           0 
  427           0 
  428           0 
  429           0 
  430           0 
  431           0 
  432           0 
  433           0 
  434           1 
  435           0 
  436           0 
  437           0 
  438           0 
  439           0 
  440           0 
  441           0 
  442           0 
  443           0 
  444           0 
  445           0 
  446           0 
  447           0 
  448           0 
  449           1 
  450           0 
  451           0 
  452           0 
  453           1 
  454           0 
  455           0 
  456           0 
  457           0 
  458           0 
  459           0 
  460           0 
  461           0 
  462           0 
  463           0 
  464           0 
  465           0 
  466           0 
  467           0 
  468           0 
  469           0 
  470           1 
  471           0 
  472           0 
  473           1 
  474           0 
  475           0 
  476           0 
  477           0 
  478           0 
  479           0 
  480           0 
  481           0 
  482           0 
  483           0 
  484           0 
  485           0 
  486           0 
  487           0 
  488           0 
  489           0 
  490           0 
  491           0 
  492           0 
  493           0 
  494           0 
  495           0 
  496           0 
  497           0 
  498           0 
  499           0 
  500           0 
  501           0 
  502           0 
  503           0 
  504           0 
  505           0 
  506           0 
  507           0 
  508           0 
  509           0 
  510           0 
  511           0 
  512           0 
