    1           0 
    2           0 
    3           1 
    4           3 
    5         164 
    6         489 
    7         546 
    8         502 
    9         392 
   10         370 
   11         340 
   12         318 
   13         334 
   14         296 
   15         340 
   16         325 
   17         338 
   18         355 
   19         334 
   20         361 
   21         384 
   22         364 
   23         391 
   24         378 
   25         393 
   26         446 
   27         428 
   28         431 
   29         426 
   30         389 
   31         413 
   32         388 
   33         348 
   34         385 
   35         366 
   36         379 
   37         343 
   38         350 
   39         305 
   40         272 
   41         317 
   42         281 
   43         286 
   44         281 
   45         297 
   46         276 
   47         264 
   48         275 
   49         263 
   50         249 
   51         256 
   52         256 
   53         270 
   54         260 
   55         243 
   56         259 
   57         245 
   58         226 
   59         243 
   60         229 
   61         255 
   62         235 
   63         216 
   64         219 
   65         209 
   66         245 
   67         198 
   68         177 
   69         189 
   70         184 
   71         201 
   72         205 
   73         190 
   74         197 
   75         157 
   76         177 
   77         155 
   78         145 
   79         152 
   80         147 
   81         126 
   82         151 
   83         137 
   84         154 
   85         132 
   86         128 
   87         142 
   88         109 
   89         132 
   90         142 
   91         139 
   92         161 
   93         153 
   94         151 
   95         168 
   96         151 
   97         215 
   98         186 
   99         197 
  100         224 
  101         226 
  102         237 
  103         250 
  104         248 
  105         251 
  106         262 
  107         251 
  108         270 
  109         264 
  110         235 
  111         212 
  112         234 
  113         206 
  114         221 
  115         193 
  116         199 
  117         155 
  118         152 
  119         139 
  120         127 
  121         117 
  122         113 
  123         102 
  124          84 
  125          66 
  126          75 
  127          60 
  128          65 
  129          61 
  130          43 
  131          47 
  132          51 
  133          36 
  134          54 
  135          54 
  136          41 
  137          37 
  138          37 
  139          27 
  140          23 
  141          26 
  142          28 
  143          22 
  144          23 
  145          22 
  146          26 
  147          17 
  148          20 
  149          24 
  150          12 
  151          14 
  152          14 
  153          20 
  154          17 
  155          17 
  156          15 
  157          11 
  158           5 
  159          12 
  160          11 
  161          15 
  162           3 
  163          11 
  164           7 
  165           8 
  166           7 
  167           5 
  168           3 
  169           4 
  170           6 
  171           2 
  172           3 
  173           4 
  174           1 
  175           3 
  176           1 
  177           1 
  178           3 
  179           2 
  180           2 
  181           1 
  182           1 
  183           0 
  184           0 
  185           0 
  186           0 
  187           2 
  188           1 
  189           1 
  190           1 
  191           0 
  192           0 
  193           0 
  194           1 
  195           1 
  196           1 
  197           3 
  198           1 
  199           1 
  200           1 
  201           1 
  202           1 
  203           0 
  204           2 
  205           0 
  206           0 
  207           0 
  208           1 
  209           0 
  210           0 
  211           0 
  212           2 
  213           2 
  214           0 
  215           0 
  216           0 
  217           0 
  218           0 
  219           0 
  220           0 
  221           0 
  222           1 
  223           0 
  224           0 
  225           0 
  226           2 
  227           1 
  228           1 
  229           0 
  230           0 
  231           0 
  232           0 
  233           0 
  234           0 
  235           2 
  236           0 
  237           0 
  238           1 
  239           1 
  240           0 
  241           0 
  242           0 
  243           0 
  244           0 
  245           1 
  246           1 
  247           1 
  248           2 
  249           0 
  250           0 
  251           0 
  252           1 
  253           0 
  254           0 
  255           1 
  256           1 
  257           0 
  258           0 
  259           0 
  260           0 
  261           0 
  262           0 
  263           1 
  264           2 
  265           1 
  266           0 
  267           0 
  268           0 
  269           0 
  270           0 
  271           0 
  272           0 
  273           0 
  274           0 
  275           1 
  276           1 
  277           0 
  278           0 
  279           1 
  280           1 
  281           0 
  282           1 
  283           1 
  284           0 
  285           0 
  286           0 
  287           0 
  288           0 
  289           0 
  290           0 
  291           0 
  292           0 
  293           0 
  294           0 
  295           0 
  296           0 
  297           1 
  298           3 
  299           0 
  300           0 
  301           0 
  302           0 
  303           0 
  304           0 
  305           0 
  306           0 
  307           0 
  308           0 
  309           0 
  310           0 
  311           0 
  312           0 
  313           0 
  314           1 
  315           0 
  316           0 
  317           0 
  318           0 
  319           0 
  320           0 
  321           0 
  322           0 
  323           0 
  324           0 
  325           0 
  326           0 
  327           0 
  328           1 
  329           0 
  330           1 
  331           0 
  332           0 
  333           0 
  334           0 
  335           0 
  336           0 
  337           0 
  338           0 
  339           0 
  340           0 
  341           0 
  342           0 
  343           0 
  344           0 
  345           0 
  346           0 
  347           0 
  348           0 
  349           0 
  350           0 
  351           0 
  352           0 
  353           0 
  354           0 
  355           0 
  356           0 
  357           0 
  358           0 
  359           0 
  360           0 
  361           0 
  362           0 
  363           0 
  364           0 
  365           1 
  366           0 
  367           0 
  368           0 
  369           0 
  370           0 
  371           0 
  372           1 
  373           0 
  374           0 
  375           0 
  376           0 
  377           0 
  378           0 
  379           0 
  380           0 
  381           0 
  382           0 
  383           0 
  384           0 
  385           0 
  386           0 
  387           0 
  388           0 
  389           0 
  390           0 
  391           0 
  392           0 
  393           0 
  394           0 
  395           0 
  396           0 
  397           0 
  398           1 
  399           0 
  400           0 
  401           0 
  402           0 
  403           0 
  404           1 
  405           0 
  406           0 
  407           0 
  408           0 
  409           1 
  410           0 
  411           0 
  412           1 
  413           0 
  414           0 
  415           0 
  416           0 
  417           0 
  418           0 
  419           0 
  420           0 
  421           1 
  422           0 
  423           0 
  424           0 
  425           0 
  426           0 
  427           0 
  428           0 
  429           0 
  430           0 
  431           0 
  432           0 
  433           0 
  434           0 
  435           0 
  436           1 
  437           0 
  438           0 
  439           0 
  440           0 
  441           0 
  442           0 
  443           0 
  444           0 
  445           0 
  446           0 
  447           0 
  448           0 
  449           0 
  450           0 
  451           0 
  452           0 
  453           0 
  454           0 
  455           0 
  456           0 
  457           0 
  458           0 
  459           0 
  460           1 
  461           0 
  462           0 
  463           0 
  464           0 
  465           0 
  466           1 
  467           0 
  468           0 
  469           0 
  470           0 
  471           0 
  472           0 
  473           0 
  474           0 
  475           0 
  476           0 
  477           0 
  478           0 
  479           0 
  480           0 
  481           0 
  482           0 
  483           0 
  484           0 
  485           1 
  486           0 
  487           0 
  488           0 
  489           0 
  490           0 
  491           0 
  492           0 
  493           0 
  494           0 
  495           0 
  496           0 
  497           0 
  498           0 
  499           0 
  500           0 
  501           0 
  502           0 
  503           0 
  504           0 
  505           0 
  506           0 
  507           0 
  508           0 
  509           0 
  510           0 
  511           0 
  512           0 
