    1           0 
    2           0 
    3           1 
    4           0 
    5          65 
    6         189 
    7         219 
    8         232 
    9         193 
   10         222 
   11         209 
   12         206 
   13         248 
   14         214 
   15         225 
   16         232 
   17         211 
   18         240 
   19         248 
   20         266 
   21         249 
   22         297 
   23         243 
   24         234 
   25         238 
   26         228 
   27         277 
   28         222 
   29         267 
   30         227 
   31         223 
   32         254 
   33         247 
   34         238 
   35         243 
   36         205 
   37         239 
   38         226 
   39         243 
   40         232 
   41         231 
   42         224 
   43         208 
   44         207 
   45         199 
   46         213 
   47         186 
   48         207 
   49         183 
   50         174 
   51         176 
   52         172 
   53         181 
   54         189 
   55         176 
   56         185 
   57         140 
   58         159 
   59         158 
   60         174 
   61         156 
   62         110 
   63         135 
   64         147 
   65         140 
   66         145 
   67         124 
   68         136 
   69         133 
   70         146 
   71         129 
   72         139 
   73         129 
   74         128 
   75         126 
   76         113 
   77         131 
   78         107 
   79         113 
   80         120 
   81         125 
   82         120 
   83         108 
   84         121 
   85         113 
   86         104 
   87         109 
   88         117 
   89         127 
   90         121 
   91         108 
   92         105 
   93         121 
   94          99 
   95         114 
   96         117 
   97         124 
   98         111 
   99         113 
  100          97 
  101         104 
  102         115 
  103          97 
  104         103 
  105          97 
  106         109 
  107         102 
  108         112 
  109          95 
  110         106 
  111         110 
  112          84 
  113         111 
  114         101 
  115          91 
  116         104 
  117         103 
  118          91 
  119          79 
  120         117 
  121         100 
  122         107 
  123          92 
  124         109 
  125          85 
  126          78 
  127         105 
  128          83 
  129          86 
  130          95 
  131          95 
  132          94 
  133         110 
  134          83 
  135          90 
  136          96 
  137          92 
  138          90 
  139          90 
  140         101 
  141          76 
  142         114 
  143         104 
  144         105 
  145          88 
  146         112 
  147          99 
  148          81 
  149         100 
  150          94 
  151         100 
  152          98 
  153          86 
  154          98 
  155          69 
  156         100 
  157          93 
  158         104 
  159         100 
  160         106 
  161          76 
  162          86 
  163          93 
  164          99 
  165         104 
  166          77 
  167          76 
  168          79 
  169          77 
  170          96 
  171          79 
  172          83 
  173          94 
  174          76 
  175         107 
  176          81 
  177          70 
  178          75 
  179          82 
  180          68 
  181          73 
  182          69 
  183          70 
  184          81 
  185          74 
  186          58 
  187          65 
  188          67 
  189          71 
  190          60 
  191          46 
  192          73 
  193          58 
  194          55 
  195          66 
  196          67 
  197          60 
  198          52 
  199          62 
  200          68 
  201          57 
  202          56 
  203          57 
  204          63 
  205          53 
  206          74 
  207          74 
  208          67 
  209          66 
  210          58 
  211          56 
  212          66 
  213          59 
  214          41 
  215          54 
  216          52 
  217          59 
  218          48 
  219          33 
  220          38 
  221          58 
  222          41 
  223          49 
  224          52 
  225          42 
  226          48 
  227          57 
  228          57 
  229          58 
  230          41 
  231          47 
  232          45 
  233          40 
  234          45 
  235          47 
  236          46 
  237          40 
  238          31 
  239          50 
  240          37 
  241          47 
  242          39 
  243          40 
  244          41 
  245          39 
  246          41 
  247          50 
  248          42 
  249          36 
  250          43 
  251          29 
  252          31 
  253          36 
  254          33 
  255          31 
  256          29 
  257          19 
  258          23 
  259          19 
  260          21 
  261          15 
  262          22 
  263          15 
  264          16 
  265          14 
  266          24 
  267          19 
  268          20 
  269          20 
  270          13 
  271          17 
  272          12 
  273          13 
  274          16 
  275          12 
  276          10 
  277          10 
  278          12 
  279           9 
  280          12 
  281           7 
  282          10 
  283           9 
  284           8 
  285           5 
  286           7 
  287           9 
  288          10 
  289          11 
  290          12 
  291           8 
  292           5 
  293           8 
  294           9 
  295           3 
  296           4 
  297           5 
  298           2 
  299           8 
  300           2 
  301           6 
  302           3 
  303           4 
  304           5 
  305           6 
  306           5 
  307           2 
  308           3 
  309           3 
  310           1 
  311           3 
  312           2 
  313           3 
  314           8 
  315           3 
  316           3 
  317           1 
  318           0 
  319           2 
  320           1 
  321           3 
  322           3 
  323           5 
  324           2 
  325           6 
  326           2 
  327           3 
  328           0 
  329           1 
  330           2 
  331           0 
  332           2 
  333           4 
  334           2 
  335           1 
  336           1 
  337           2 
  338           1 
  339           2 
  340           3 
  341           2 
  342           0 
  343           1 
  344           2 
  345           1 
  346           1 
  347           2 
  348           1 
  349           0 
  350           0 
  351           1 
  352           3 
  353           0 
  354           2 
  355           1 
  356           0 
  357           1 
  358           1 
  359           0 
  360           1 
  361           1 
  362           0 
  363           1 
  364           0 
  365           0 
  366           1 
  367           1 
  368           1 
  369           0 
  370           1 
  371           0 
  372           0 
  373           0 
  374           1 
  375           0 
  376           0 
  377           0 
  378           0 
  379           0 
  380           0 
  381           0 
  382           0 
  383           0 
  384           0 
  385           0 
  386           0 
  387           0 
  388           0 
  389           0 
  390           0 
  391           0 
  392           1 
  393           1 
  394           0 
  395           0 
  396           1 
  397           0 
  398           0 
  399           0 
  400           0 
  401           0 
  402           0 
  403           0 
  404           0 
  405           0 
  406           0 
  407           0 
  408           1 
  409           0 
  410           0 
  411           0 
  412           0 
  413           0 
  414           0 
  415           0 
  416           0 
  417           0 
  418           0 
  419           0 
  420           0 
  421           0 
  422           0 
  423           0 
  424           0 
  425           0 
  426           0 
  427           0 
  428           0 
  429           0 
  430           0 
  431           0 
  432           0 
  433           1 
  434           1 
  435           0 
  436           0 
  437           0 
  438           0 
  439           0 
  440           0 
  441           0 
  442           0 
  443           0 
  444           0 
  445           0 
  446           0 
  447           0 
  448           0 
  449           0 
  450           0 
  451           0 
  452           0 
  453           0 
  454           0 
  455           0 
  456           0 
  457           0 
  458           0 
  459           0 
  460           0 
  461           0 
  462           0 
  463           0 
  464           0 
  465           0 
  466           0 
  467           0 
  468           0 
  469           0 
  470           0 
  471           0 
  472           0 
  473           1 
  474           0 
  475           0 
  476           0 
  477           0 
  478           0 
  479           0 
  480           0 
  481           0 
  482           0 
  483           0 
  484           0 
  485           0 
  486           0 
  487           0 
  488           0 
  489           0 
  490           0 
  491           0 
  492           0 
  493           0 
  494           0 
  495           0 
  496           0 
  497           0 
  498           0 
  499           0 
  500           0 
  501           1 
  502           0 
  503           0 
  504           0 
  505           0 
  506           0 
  507           0 
  508           0 
  509           0 
  510           0 
  511           0 
  512           0 
