0 0 0.795239
5 0.004 0.784509
10 0.015 0.753576
15 0.034 0.705922
20 0.060 0.646470
25 0.094 0.580592
30 0.134 0.513243
35 0.181 0.448381
40 0.234 0.388742
45 0.293 0.335885
50 0.357 0.290415
55 0.426 0.255242
60 0.5 0.220845
65 0.577 0.195463
70 0.658 0.175277
75 0.741 0.159444
80 0.826 0.147208
85 0.913 0.137893
90 1 0.130924
95 1.087 0.125817
100 1.174 0.122173
105 1.259 0.119966
110 1.342 0.118033
115 1.432 0.117062
120 1.5 0.116583
125 1.574 0.116463
130 1.643 0.116595
135 1.707 0.116893
140 1.766 0.117291
145 1.819 0.117737
150 1.866 0.118190
155 1.906 0.118619
160 1.940 0.118998
165 1.966 0.119310
170 1.985 0.119542
175 1.996 0.119685