    1           0 
    2           0 
    3           2 
    4           4 
    5         271 
    6         935 
    7        1046 
    8        1036 
    9         967 
   10         945 
   11         862 
   12         908 
   13         883 
   14         950 
   15         920 
   16         902 
   17         939 
   18        1006 
   19         976 
   20         974 
   21         947 
   22        1017 
   23         997 
   24        1068 
   25        1077 
   26        1075 
   27        1042 
   28        1059 
   29        1046 
   30        1028 
   31         986 
   32        1013 
   33        1020 
   34         926 
   35         905 
   36         914 
   37         864 
   38         860 
   39         824 
   40         857 
   41         763 
   42         785 
   43         798 
   44         786 
   45         773 
   46         726 
   47         689 
   48         724 
   49         714 
   50         681 
   51         706 
   52         708 
   53         709 
   54         690 
   55         709 
   56         688 
   57         706 
   58         707 
   59         705 
   60         695 
   61         689 
   62         676 
   63         656 
   64         692 
   65         627 
   66         606 
   67         588 
   68         526 
   69         513 
   70         497 
   71         511 
   72         405 
   73         442 
   74         403 
   75         382 
   76         383 
   77         353 
   78         315 
   79         312 
   80         298 
   81         285 
   82         316 
   83         286 
   84         291 
   85         275 
   86         279 
   87         295 
   88         358 
   89         316 
   90         349 
   91         360 
   92         387 
   93         433 
   94         448 
   95         561 
   96         554 
   97         608 
   98         657 
   99         722 
  100         781 
  101         857 
  102         848 
  103         911 
  104         860 
  105         903 
  106         835 
  107         870 
  108         802 
  109         767 
  110         655 
  111         668 
  112         565 
  113         484 
  114         458 
  115         390 
  116         376 
  117         356 
  118         345 
  119         303 
  120         253 
  121         270 
  122         204 
  123         206 
  124         197 
  125         180 
  126         153 
  127         160 
  128         161 
  129         155 
  130         137 
  131         125 
  132         124 
  133         109 
  134         108 
  135         100 
  136         109 
  137          83 
  138          78 
  139          83 
  140          75 
  141          79 
  142          64 
  143          59 
  144          51 
  145          53 
  146          71 
  147          50 
  148          43 
  149          51 
  150          45 
  151          37 
  152          26 
  153          30 
  154          36 
  155          28 
  156          27 
  157          29 
  158          27 
  159          15 
  160          19 
  161          10 
  162          13 
  163          16 
  164          16 
  165          10 
  166          10 
  167           7 
  168           7 
  169           2 
  170           2 
  171           0 
  172           3 
  173           3 
  174           1 
  175           2 
  176           1 
  177           2 
  178           3 
  179           2 
  180           0 
  181           1 
  182           1 
  183           0 
  184           0 
  185           2 
  186           0 
  187           2 
  188           2 
  189           0 
  190           1 
  191           0 
  192           0 
  193           1 
  194           0 
  195           1 
  196           0 
  197           1 
  198           2 
  199           1 
  200           0 
  201           0 
  202           1 
  203           0 
  204           0 
  205           0 
  206           0 
  207           1 
  208           0 
  209           0 
  210           0 
  211           0 
  212           0 
  213           2 
  214           1 
  215           0 
  216           2 
  217           1 
  218           1 
  219           1 
  220           0 
  221           1 
  222           0 
  223           0 
  224           0 
  225           0 
  226           0 
  227           3 
  228           0 
  229           1 
  230           0 
  231           1 
  232           1 
  233           1 
  234           1 
  235           0 
  236           0 
  237           0 
  238           0 
  239           1 
  240           0 
  241           0 
  242           0 
  243           1 
  244           0 
  245           1 
  246           2 
  247           0 
  248           1 
  249           0 
  250           0 
  251           0 
  252           0 
  253           0 
  254           0 
  255           0 
  256           0 
  257           1 
  258           0 
  259           0 
  260           0 
  261           0 
  262           0 
  263           1 
  264           0 
  265           1 
  266           0 
  267           0 
  268           0 
  269           0 
  270           1 
  271           1 
  272           0 
  273           0 
  274           0 
  275           0 
  276           0 
  277           0 
  278           0 
  279           0 
  280           1 
  281           0 
  282           0 
  283           1 
  284           0 
  285           0 
  286           0 
  287           0 
  288           0 
  289           0 
  290           0 
  291           0 
  292           1 
  293           0 
  294           1 
  295           0 
  296           0 
  297           0 
  298           0 
  299           0 
  300           0 
  301           0 
  302           0 
  303           2 
  304           0 
  305           0 
  306           0 
  307           1 
  308           0 
  309           0 
  310           0 
  311           0 
  312           1 
  313           0 
  314           0 
  315           0 
  316           0 
  317           0 
  318           0 
  319           0 
  320           0 
  321           0 
  322           1 
  323           0 
  324           0 
  325           0 
  326           0 
  327           0 
  328           0 
  329           0 
  330           0 
  331           0 
  332           0 
  333           0 
  334           0 
  335           0 
  336           0 
  337           0 
  338           0 
  339           0 
  340           0 
  341           0 
  342           1 
  343           0 
  344           0 
  345           0 
  346           0 
  347           0 
  348           0 
  349           0 
  350           0 
  351           0 
  352           1 
  353           0 
  354           0 
  355           0 
  356           0 
  357           0 
  358           0 
  359           0 
  360           0 
  361           1 
  362           0 
  363           0 
  364           0 
  365           0 
  366           0 
  367           0 
  368           0 
  369           0 
  370           0 
  371           0 
  372           0 
  373           1 
  374           0 
  375           0 
  376           0 
  377           0 
  378           0 
  379           0 
  380           0 
  381           0 
  382           0 
  383           0 
  384           0 
  385           0 
  386           0 
  387           0 
  388           0 
  389           0 
  390           0 
  391           0 
  392           0 
  393           0 
  394           0 
  395           0 
  396           1 
  397           0 
  398           1 
  399           0 
  400           0 
  401           0 
  402           0 
  403           0 
  404           0 
  405           0 
  406           0 
  407           0 
  408           1 
  409           1 
  410           0 
  411           0 
  412           0 
  413           0 
  414           0 
  415           0 
  416           0 
  417           0 
  418           0 
  419           0 
  420           0 
  421           0 
  422           0 
  423           0 
  424           0 
  425           0 
  426           0 
  427           0 
  428           0 
  429           0 
  430           0 
  431           0 
  432           0 
  433           0 
  434           0 
  435           0 
  436           0 
  437           0 
  438           0 
  439           0 
  440           0 
  441           0 
  442           0 
  443           0 
  444           0 
  445           0 
  446           0 
  447           0 
  448           0 
  449           0 
  450           0 
  451           0 
  452           0 
  453           0 
  454           0 
  455           0 
  456           0 
  457           0 
  458           0 
  459           0 
  460           0 
  461           0 
  462           0 
  463           0 
  464           0 
  465           0 
  466           0 
  467           0 
  468           0 
  469           0 
  470           0 
  471           0 
  472           0 
  473           0 
  474           0 
  475           0 
  476           0 
  477           0 
  478           0 
  479           0 
  480           0 
  481           0 
  482           0 
  483           0 
  484           0 
  485           0 
  486           0 
  487           0 
  488           0 
  489           0 
  490           0 
  491           0 
  492           0 
  493           0 
  494           1 
  495           0 
  496           0 
  497           0 
  498           0 
  499           0 
  500           0 
  501           0 
  502           0 
  503           0 
  504           0 
  505           0 
  506           0 
  507           0 
  508           0 
  509           0 
  510           0 
  511           0 
  512           0 
