    1           0 
    2           0 
    3           0 
    4           4 
    5         473 
    6        1602 
    7        1662 
    8        1454 
    9        1130 
   10         893 
   11         817 
   12         749 
   13         739 
   14         701 
   15         757 
   16         738 
   17         761 
   18         741 
   19         717 
   20         768 
   21         767 
   22         811 
   23         800 
   24         760 
   25         819 
   26         836 
   27         801 
   28         813 
   29         832 
   30         846 
   31         778 
   32         817 
   33         725 
   34         730 
   35         781 
   36         729 
   37         747 
   38         718 
   39         738 
   40         684 
   41         645 
   42         710 
   43         662 
   44         682 
   45         650 
   46         646 
   47         639 
   48         642 
   49         622 
   50         604 
   51         596 
   52         626 
   53         593 
   54         606 
   55         600 
   56         605 
   57         580 
   58         575 
   59         641 
   60         630 
   61         579 
   62         622 
   63         578 
   64         607 
   65         549 
   66         497 
   67         498 
   68         499 
   69         444 
   70         457 
   71         399 
   72         435 
   73         387 
   74         378 
   75         326 
   76         321 
   77         292 
   78         340 
   79         277 
   80         250 
   81         265 
   82         255 
   83         266 
   84         228 
   85         256 
   86         256 
   87         243 
   88         262 
   89         277 
   90         306 
   91         308 
   92         372 
   93         394 
   94         440 
   95         468 
   96         494 
   97         578 
   98         607 
   99         625 
  100         721 
  101         697 
  102         780 
  103         729 
  104         767 
  105         736 
  106         710 
  107         730 
  108         672 
  109         574 
  110         564 
  111         561 
  112         481 
  113         437 
  114         441 
  115         351 
  116         302 
  117         331 
  118         290 
  119         252 
  120         220 
  121         234 
  122         196 
  123         213 
  124         187 
  125         190 
  126         139 
  127         132 
  128         107 
  129         118 
  130         106 
  131         105 
  132          84 
  133          93 
  134         110 
  135          92 
  136          89 
  137          83 
  138          82 
  139          69 
  140          68 
  141          63 
  142          59 
  143          56 
  144          56 
  145          51 
  146          51 
  147          35 
  148          42 
  149          46 
  150          35 
  151          39 
  152          37 
  153          25 
  154          32 
  155          23 
  156          23 
  157          15 
  158          12 
  159          14 
  160          19 
  161          12 
  162          11 
  163          14 
  164          12 
  165           7 
  166          12 
  167          11 
  168           6 
  169          10 
  170           0 
  171          12 
  172           5 
  173           3 
  174           4 
  175           3 
  176           1 
  177           1 
  178           1 
  179           0 
  180           4 
  181           0 
  182           1 
  183           1 
  184           0 
  185           0 
  186           1 
  187           1 
  188           0 
  189           0 
  190           1 
  191           0 
  192           3 
  193           0 
  194           2 
  195           0 
  196           0 
  197           0 
  198           0 
  199           0 
  200           0 
  201           0 
  202           1 
  203           0 
  204           0 
  205           1 
  206           0 
  207           1 
  208           1 
  209           0 
  210           0 
  211           0 
  212           1 
  213           0 
  214           2 
  215           0 
  216           2 
  217           0 
  218           0 
  219           1 
  220           0 
  221           0 
  222           3 
  223           0 
  224           0 
  225           0 
  226           1 
  227           1 
  228           0 
  229           0 
  230           0 
  231           0 
  232           0 
  233           0 
  234           2 
  235           0 
  236           0 
  237           1 
  238           0 
  239           0 
  240           0 
  241           0 
  242           1 
  243           0 
  244           1 
  245           0 
  246           0 
  247           0 
  248           0 
  249           1 
  250           1 
  251           0 
  252           1 
  253           1 
  254           1 
  255           0 
  256           0 
  257           0 
  258           0 
  259           2 
  260           0 
  261           0 
  262           0 
  263           0 
  264           1 
  265           0 
  266           0 
  267           2 
  268           1 
  269           0 
  270           0 
  271           1 
  272           0 
  273           0 
  274           0 
  275           1 
  276           0 
  277           1 
  278           0 
  279           0 
  280           0 
  281           0 
  282           0 
  283           0 
  284           0 
  285           0 
  286           1 
  287           0 
  288           0 
  289           0 
  290           0 
  291           0 
  292           0 
  293           0 
  294           0 
  295           0 
  296           0 
  297           0 
  298           1 
  299           0 
  300           0 
  301           0 
  302           0 
  303           0 
  304           0 
  305           0 
  306           0 
  307           0 
  308           0 
  309           0 
  310           0 
  311           0 
  312           0 
  313           0 
  314           0 
  315           0 
  316           0 
  317           0 
  318           0 
  319           0 
  320           0 
  321           0 
  322           0 
  323           1 
  324           0 
  325           0 
  326           0 
  327           0 
  328           0 
  329           0 
  330           0 
  331           0 
  332           0 
  333           0 
  334           0 
  335           0 
  336           2 
  337           0 
  338           0 
  339           0 
  340           0 
  341           0 
  342           0 
  343           1 
  344           0 
  345           0 
  346           0 
  347           0 
  348           0 
  349           0 
  350           0 
  351           1 
  352           0 
  353           0 
  354           0 
  355           1 
  356           0 
  357           0 
  358           0 
  359           0 
  360           0 
  361           0 
  362           0 
  363           0 
  364           0 
  365           0 
  366           0 
  367           0 
  368           0 
  369           0 
  370           0 
  371           0 
  372           0 
  373           0 
  374           0 
  375           0 
  376           0 
  377           0 
  378           0 
  379           0 
  380           0 
  381           0 
  382           0 
  383           0 
  384           0 
  385           0 
  386           0 
  387           0 
  388           0 
  389           0 
  390           0 
  391           0 
  392           0 
  393           0 
  394           0 
  395           0 
  396           0 
  397           0 
  398           0 
  399           0 
  400           0 
  401           0 
  402           0 
  403           0 
  404           0 
  405           0 
  406           1 
  407           0 
  408           0 
  409           0 
  410           0 
  411           0 
  412           0 
  413           0 
  414           0 
  415           0 
  416           0 
  417           0 
  418           0 
  419           0 
  420           0 
  421           0 
  422           0 
  423           0 
  424           0 
  425           0 
  426           0 
  427           0 
  428           0 
  429           1 
  430           0 
  431           0 
  432           0 
  433           0 
  434           0 
  435           0 
  436           0 
  437           0 
  438           0 
  439           0 
  440           1 
  441           0 
  442           0 
  443           0 
  444           0 
  445           0 
  446           0 
  447           0 
  448           0 
  449           0 
  450           0 
  451           1 
  452           0 
  453           0 
  454           0 
  455           0 
  456           0 
  457           0 
  458           1 
  459           0 
  460           0 
  461           0 
  462           0 
  463           0 
  464           0 
  465           1 
  466           0 
  467           0 
  468           1 
  469           1 
  470           1 
  471           0 
  472           0 
  473           0 
  474           0 
  475           0 
  476           0 
  477           2 
  478           0 
  479           0 
  480           0 
  481           0 
  482           0 
  483           0 
  484           0 
  485           0 
  486           0 
  487           0 
  488           0 
  489           0 
  490           0 
  491           0 
  492           0 
  493           0 
  494           0 
  495           0 
  496           0 
  497           0 
  498           0 
  499           0 
  500           0 
  501           0 
  502           0 
  503           0 
  504           0 
  505           0 
  506           0 
  507           0 
  508           0 
  509           0 
  510           0 
  511           0 
  512           0 
