    1           0 
    2           0 
    3           0 
    4           0 
    5          49 
    6         461 
    7         691 
    8         684 
    9         593 
   10         524 
   11         503 
   12         512 
   13         513 
   14         522 
   15         529 
   16         542 
   17         517 
   18         547 
   19         530 
   20         509 
   21         534 
   22         553 
   23         563 
   24         604 
   25         589 
   26         600 
   27         617 
   28         593 
   29         606 
   30         592 
   31         566 
   32         617 
   33         568 
   34         543 
   35         489 
   36         517 
   37         515 
   38         471 
   39         511 
   40         464 
   41         476 
   42         474 
   43         471 
   44         436 
   45         383 
   46         439 
   47         394 
   48         421 
   49         443 
   50         411 
   51         406 
   52         436 
   53         383 
   54         387 
   55         397 
   56         412 
   57         396 
   58         368 
   59         404 
   60         379 
   61         428 
   62         373 
   63         383 
   64         396 
   65         380 
   66         355 
   67         370 
   68         343 
   69         283 
   70         336 
   71         269 
   72         288 
   73         294 
   74         236 
   75         239 
   76         211 
   77         223 
   78         216 
   79         222 
   80         194 
   81         211 
   82         199 
   83         180 
   84         186 
   85         171 
   86         191 
   87         183 
   88         200 
   89         203 
   90         205 
   91         225 
   92         241 
   93         241 
   94         277 
   95         284 
   96         299 
   97         328 
   98         377 
   99         393 
  100         422 
  101         459 
  102         449 
  103         497 
  104         495 
  105         464 
  106         496 
  107         467 
  108         451 
  109         401 
  110         405 
  111         363 
  112         341 
  113         285 
  114         269 
  115         268 
  116         206 
  117         218 
  118         178 
  119         192 
  120         162 
  121         168 
  122         138 
  123         130 
  124         123 
  125         119 
  126         115 
  127         108 
  128          96 
  129          88 
  130          93 
  131          61 
  132          61 
  133          68 
  134          57 
  135          65 
  136          46 
  137          53 
  138          53 
  139          56 
  140          41 
  141          58 
  142          36 
  143          38 
  144          25 
  145          43 
  146          32 
  147          41 
  148          28 
  149          20 
  150          22 
  151          23 
  152          14 
  153          17 
  154          23 
  155          22 
  156          16 
  157          11 
  158           9 
  159          13 
  160          14 
  161           7 
  162           5 
  163           9 
  164           7 
  165           9 
  166           2 
  167           3 
  168           5 
  169           1 
  170           1 
  171           3 
  172           3 
  173           3 
  174           2 
  175           3 
  176           2 
  177           1 
  178           3 
  179           0 
  180           1 
  181           3 
  182           2 
  183           1 
  184           2 
  185           0 
  186           1 
  187           1 
  188           1 
  189           2 
  190           1 
  191           0 
  192           1 
  193           1 
  194           1 
  195           1 
  196           1 
  197           1 
  198           0 
  199           1 
  200           1 
  201           0 
  202           0 
  203           1 
  204           0 
  205           2 
  206           0 
  207           0 
  208           0 
  209           0 
  210           1 
  211           0 
  212           0 
  213           0 
  214           0 
  215           0 
  216           0 
  217           0 
  218           0 
  219           0 
  220           1 
  221           0 
  222           1 
  223           0 
  224           1 
  225           0 
  226           0 
  227           0 
  228           0 
  229           1 
  230           0 
  231           0 
  232           1 
  233           0 
  234           0 
  235           0 
  236           0 
  237           2 
  238           0 
  239           0 
  240           0 
  241           0 
  242           0 
  243           0 
  244           0 
  245           0 
  246           0 
  247           0 
  248           0 
  249           0 
  250           0 
  251           0 
  252           0 
  253           1 
  254           0 
  255           1 
  256           0 
  257           2 
  258           0 
  259           0 
  260           0 
  261           0 
  262           0 
  263           0 
  264           0 
  265           0 
  266           0 
  267           0 
  268           0 
  269           0 
  270           0 
  271           0 
  272           0 
  273           0 
  274           0 
  275           0 
  276           0 
  277           0 
  278           0 
  279           0 
  280           1 
  281           0 
  282           0 
  283           0 
  284           0 
  285           0 
  286           0 
  287           0 
  288           1 
  289           0 
  290           0 
  291           0 
  292           0 
  293           0 
  294           1 
  295           0 
  296           0 
  297           1 
  298           1 
  299           0 
  300           1 
  301           0 
  302           0 
  303           0 
  304           1 
  305           0 
  306           0 
  307           1 
  308           1 
  309           0 
  310           0 
  311           0 
  312           0 
  313           0 
  314           0 
  315           0 
  316           1 
  317           1 
  318           0 
  319           0 
  320           0 
  321           0 
  322           0 
  323           0 
  324           1 
  325           0 
  326           1 
  327           0 
  328           1 
  329           0 
  330           0 
  331           0 
  332           0 
  333           0 
  334           0 
  335           0 
  336           0 
  337           0 
  338           0 
  339           0 
  340           0 
  341           1 
  342           0 
  343           0 
  344           0 
  345           0 
  346           0 
  347           1 
  348           0 
  349           0 
  350           0 
  351           0 
  352           0 
  353           0 
  354           0 
  355           0 
  356           0 
  357           0 
  358           0 
  359           0 
  360           0 
  361           0 
  362           0 
  363           0 
  364           1 
  365           0 
  366           0 
  367           0 
  368           0 
  369           0 
  370           0 
  371           0 
  372           0 
  373           0 
  374           0 
  375           0 
  376           0 
  377           0 
  378           0 
  379           1 
  380           0 
  381           0 
  382           0 
  383           1 
  384           0 
  385           0 
  386           0 
  387           0 
  388           0 
  389           0 
  390           1 
  391           0 
  392           0 
  393           0 
  394           0 
  395           0 
  396           0 
  397           0 
  398           1 
  399           0 
  400           0 
  401           0 
  402           0 
  403           0 
  404           0 
  405           0 
  406           0 
  407           0 
  408           0 
  409           0 
  410           0 
  411           0 
  412           1 
  413           0 
  414           0 
  415           0 
  416           0 
  417           0 
  418           0 
  419           0 
  420           0 
  421           1 
  422           1 
  423           0 
  424           0 
  425           1 
  426           0 
  427           0 
  428           0 
  429           0 
  430           0 
  431           0 
  432           0 
  433           0 
  434           0 
  435           0 
  436           0 
  437           0 
  438           0 
  439           0 
  440           0 
  441           0 
  442           0 
  443           0 
  444           1 
  445           0 
  446           0 
  447           0 
  448           0 
  449           0 
  450           0 
  451           1 
  452           1 
  453           0 
  454           0 
  455           0 
  456           0 
  457           0 
  458           0 
  459           0 
  460           1 
  461           0 
  462           0 
  463           0 
  464           0 
  465           0 
  466           0 
  467           0 
  468           0 
  469           0 
  470           0 
  471           0 
  472           0 
  473           0 
  474           0 
  475           0 
  476           0 
  477           0 
  478           1 
  479           0 
  480           0 
  481           0 
  482           0 
  483           0 
  484           0 
  485           0 
  486           0 
  487           0 
  488           0 
  489           0 
  490           0 
  491           0 
  492           0 
  493           0 
  494           0 
  495           0 
  496           0 
  497           0 
  498           0 
  499           1 
  500           0 
  501           0 
  502           0 
  503           0 
  504           0 
  505           0 
  506           0 
  507           0 
  508           0 
  509           0 
  510           0 
  511           0 
  512           0 
