    1           0 
    2           0 
    3           1 
    4           1 
    5          49 
    6         694 
    7        1001 
    8         957 
    9         942 
   10         865 
   11         855 
   12         873 
   13         862 
   14         920 
   15         888 
   16         913 
   17         903 
   18         934 
   19         943 
   20         907 
   21         950 
   22         938 
   23         942 
   24         982 
   25         967 
   26        1017 
   27        1027 
   28         976 
   29        1049 
   30         993 
   31         965 
   32        1004 
   33         925 
   34         860 
   35         839 
   36         931 
   37         840 
   38         816 
   39         830 
   40         813 
   41         791 
   42         720 
   43         741 
   44         720 
   45         714 
   46         684 
   47         723 
   48         744 
   49         673 
   50         683 
   51         702 
   52         675 
   53         651 
   54         682 
   55         646 
   56         664 
   57         710 
   58         699 
   59         655 
   60         672 
   61         662 
   62         700 
   63         677 
   64         677 
   65         624 
   66         646 
   67         591 
   68         544 
   69         540 
   70         491 
   71         437 
   72         440 
   73         407 
   74         396 
   75         392 
   76         340 
   77         353 
   78         283 
   79         338 
   80         287 
   81         300 
   82         274 
   83         273 
   84         274 
   85         297 
   86         267 
   87         262 
   88         259 
   89         295 
   90         271 
   91         304 
   92         338 
   93         357 
   94         422 
   95         459 
   96         525 
   97         580 
   98         692 
   99         689 
  100         762 
  101         758 
  102         841 
  103         821 
  104         852 
  105         880 
  106         855 
  107         794 
  108         731 
  109         722 
  110         699 
  111         620 
  112         617 
  113         560 
  114         499 
  115         436 
  116         382 
  117         395 
  118         303 
  119         302 
  120         292 
  121         258 
  122         226 
  123         192 
  124         162 
  125         181 
  126         159 
  127         157 
  128         157 
  129         142 
  130         139 
  131         131 
  132         116 
  133         110 
  134         100 
  135         112 
  136         100 
  137          96 
  138          82 
  139          89 
  140          63 
  141          66 
  142          71 
  143          61 
  144          66 
  145          66 
  146          67 
  147          41 
  148          54 
  149          36 
  150          32 
  151          47 
  152          32 
  153          36 
  154          31 
  155          29 
  156          19 
  157          18 
  158          28 
  159          23 
  160          17 
  161          17 
  162          20 
  163          12 
  164          13 
  165           9 
  166          16 
  167          10 
  168           7 
  169           9 
  170           8 
  171           4 
  172           3 
  173           2 
  174           3 
  175           1 
  176           3 
  177           1 
  178           3 
  179           2 
  180           0 
  181           2 
  182           2 
  183           0 
  184           0 
  185           2 
  186           0 
  187           1 
  188           1 
  189           0 
  190           0 
  191           0 
  192           0 
  193           0 
  194           1 
  195           1 
  196           0 
  197           0 
  198           0 
  199           0 
  200           1 
  201           0 
  202           0 
  203           0 
  204           0 
  205           1 
  206           0 
  207           1 
  208           1 
  209           0 
  210           0 
  211           0 
  212           0 
  213           0 
  214           1 
  215           0 
  216           0 
  217           0 
  218           0 
  219           1 
  220           1 
  221           0 
  222           0 
  223           1 
  224           0 
  225           0 
  226           1 
  227           0 
  228           0 
  229           0 
  230           1 
  231           0 
  232           0 
  233           1 
  234           0 
  235           0 
  236           0 
  237           1 
  238           0 
  239           0 
  240           0 
  241           0 
  242           0 
  243           2 
  244           1 
  245           1 
  246           0 
  247           0 
  248           0 
  249           0 
  250           0 
  251           0 
  252           0 
  253           0 
  254           0 
  255           1 
  256           0 
  257           0 
  258           0 
  259           1 
  260           0 
  261           0 
  262           1 
  263           0 
  264           1 
  265           2 
  266           0 
  267           0 
  268           0 
  269           0 
  270           1 
  271           1 
  272           0 
  273           0 
  274           0 
  275           1 
  276           0 
  277           0 
  278           0 
  279           0 
  280           1 
  281           0 
  282           0 
  283           0 
  284           0 
  285           1 
  286           0 
  287           0 
  288           0 
  289           0 
  290           0 
  291           0 
  292           0 
  293           0 
  294           0 
  295           0 
  296           0 
  297           0 
  298           0 
  299           0 
  300           0 
  301           0 
  302           0 
  303           0 
  304           0 
  305           0 
  306           0 
  307           0 
  308           0 
  309           1 
  310           0 
  311           0 
  312           1 
  313           0 
  314           1 
  315           0 
  316           0 
  317           0 
  318           0 
  319           2 
  320           0 
  321           0 
  322           1 
  323           0 
  324           0 
  325           0 
  326           0 
  327           1 
  328           0 
  329           1 
  330           0 
  331           0 
  332           0 
  333           0 
  334           0 
  335           0 
  336           0 
  337           0 
  338           0 
  339           0 
  340           0 
  341           0 
  342           0 
  343           0 
  344           0 
  345           0 
  346           0 
  347           1 
  348           0 
  349           0 
  350           1 
  351           0 
  352           1 
  353           0 
  354           0 
  355           0 
  356           0 
  357           0 
  358           0 
  359           0 
  360           0 
  361           0 
  362           0 
  363           0 
  364           0 
  365           0 
  366           0 
  367           0 
  368           0 
  369           1 
  370           0 
  371           0 
  372           0 
  373           0 
  374           0 
  375           1 
  376           0 
  377           0 
  378           0 
  379           0 
  380           0 
  381           0 
  382           0 
  383           0 
  384           0 
  385           0 
  386           0 
  387           0 
  388           0 
  389           0 
  390           0 
  391           1 
  392           0 
  393           0 
  394           0 
  395           0 
  396           0 
  397           0 
  398           1 
  399           0 
  400           0 
  401           1 
  402           1 
  403           0 
  404           0 
  405           0 
  406           0 
  407           0 
  408           0 
  409           0 
  410           0 
  411           0 
  412           0 
  413           0 
  414           0 
  415           0 
  416           0 
  417           0 
  418           0 
  419           0 
  420           0 
  421           0 
  422           0 
  423           0 
  424           1 
  425           0 
  426           0 
  427           0 
  428           0 
  429           0 
  430           0 
  431           0 
  432           0 
  433           0 
  434           0 
  435           0 
  436           0 
  437           0 
  438           0 
  439           0 
  440           0 
  441           1 
  442           0 
  443           0 
  444           0 
  445           0 
  446           0 
  447           0 
  448           0 
  449           0 
  450           0 
  451           1 
  452           0 
  453           0 
  454           0 
  455           0 
  456           0 
  457           0 
  458           0 
  459           0 
  460           0 
  461           1 
  462           0 
  463           0 
  464           0 
  465           0 
  466           0 
  467           1 
  468           0 
  469           0 
  470           0 
  471           1 
  472           1 
  473           0 
  474           0 
  475           1 
  476           1 
  477           0 
  478           0 
  479           0 
  480           0 
  481           0 
  482           0 
  483           0 
  484           0 
  485           1 
  486           0 
  487           0 
  488           0 
  489           0 
  490           0 
  491           0 
  492           0 
  493           0 
  494           0 
  495           0 
  496           1 
  497           0 
  498           0 
  499           1 
  500           0 
  501           0 
  502           0 
  503           0 
  504           0 
  505           0 
  506           0 
  507           0 
  508           0 
  509           0 
  510           0 
  511           0 
  512           0 
