# Powersource: 1000 mA
# Room temperature: -106.6

# U_Cu = 2.163
# U_SLP = 0.09
# U_Nb = 56.59

# high temperature
# T_U	U_Cu	U_SLP	U_Nb	# T_K
-105.0	2.125	0.09	56.19	# 279.015
-102.5	2.083	0.09	55.53	# 273.133	
-100.0	2.030	0.09	54.85	# 267.250
-97.5	1.976	0.09	54.14	# 261.368
-95.0	1.896	0.09	53.00	# 255.485
-92.5	1.844	0.09	52.32	# 249.603
-90.0	1.807	0.09	51.82	# 243.720
-87.5	1.750	0.09	51.03	# 237.838
-85.0	1.695	0.09	50.26	# 231.955
-82.5	1.650	0.10	49.50	
-80.0	1.624	0.01	48.87
-77.5	1.583	0.01	48.15
-75.0	1.531	0.01	47.30	
-72.5	1.485	0.10	46.48
-70.0	1.430	0.10	45.80	
-67.5	
-65.0
-62.5	1.290	0.11	43.75
-60.0	1.248	0.12	43.14
-57.5	1.183	0.12	42.14
-55.0	1.132	0.12	41.52
-52.5	1.078	0.12	40.59
-50.0	1.016	0.13	39.83
-47.5	0.953	0.13	38.91
-45.0	0.894	0.13	38.17
-42.5	0.829	0.14	37.30
-40.0	0.766	0.14	36.44
-37.5	0.704	0.14	35.58
-35.0	0.665	0.15	34.95
-32.5	0.620	0.16	34.26
-30.0	0.566	0.16	33.46
-27.5	0.503	0.16	32.58
-25.0	0.441	0.17	31.71
-22.5	0.389	0.17	30.95
-20.0	0.325	0.18	29.98
-17.5	0.270	0.18	29.12
-15.0	0.224	0.19	28.33
-12.5	0.184	0.20	27.53
-10.0	0.139	0.21	26.71
-7.5	0.970	0.22	25.86
-5.0	0.630	0.25	25.01
-2.5	0.38	0.35	24.18

# switch at 2.5 mV from pt to coal thermometer
