    1         779 
    2         744 
    3         795 
    4         797 
    5         756 
    6         801 
    7         761 
    8         822 
    9         809 
   10         802 
   11         826 
   12         772 
   13         784 
   14         791 
   15         833 
   16         796 
   17         807 
   18         797 
   19         743 
   20         817 
   21         778 
   22         800 
   23         806 
   24         850 
   25         845 
   26         820 
   27         816 
   28         807 
   29         823 
   30         798 
   31         812 
   32         827 
   33         874 
   34         763 
   35         840 
   36         861 
   37         887 
   38         844 
   39         829 
   40         834 
   41         887 
   42         852 
   43         894 
   44        1002 
   45        1405 
   46        2844 
   47        6405 
   48       13449 
   49       19246 
   50       21801 
   51       22161 
   52       22809 
   53       22851 
   54       23089 
   55       23567 
   56       23940 
   57       24273 
   58       25408 
   59       25627 
   60       26239 
   61       26961 
   62       28764 
   63       29963 
   64       31241 
   65       32674 
   66       33853 
   67       34285 
   68       35087 
   69       34662 
   70       34205 
   71       32801 
   72       31191 
   73       28571 
   74       26126 
   75       23093 
   76       20508 
   77       17727 
   78       15282 
   79       13142 
   80       11461 
   81       10047 
   82        8932 
   83        8341 
   84        7561 
   85        7334 
   86        6997 
   87        6538 
   88        5839 
   89        4678 
   90        3685 
   91        2811 
   92        2134 
   93        1778 
   94        1493 
   95        1264 
   96        1206 
   97        1135 
   98        1041 
   99         945 
  100         994 
  101         903 
  102         918 
  103         847 
  104         810 
  105         816 
  106         804 
  107         841 
  108         806 
  109         784 
  110         822 
  111         857 
  112         763 
  113         777 
  114         744 
  115         776 
  116         717 
  117         825 
  118         763 
  119         817 
  120         814 
  121         782 
  122         809 
  123         823 
  124         766 
  125         833 
  126         777 
  127         826 
  128         810 
  129         735 
  130         795 
  131         802 
  132         793 
  133         846 
  134         771 
  135         844 
  136         748 
  137         788 
  138         800 
  139         793 
  140         790 
  141         822 
  142         792 
  143         780 
  144         763 
  145         763 
  146         853 
  147         795 
  148         795 
  149         820 
  150         824 
  151         730 
  152         762 
  153         757 
  154         696 
  155         756 
  156         769 
  157         763 
  158         797 
  159         791 
  160         781 
  161         775 
  162         806 
  163         722 
  164         795 
  165         858 
  166         788 
  167         808 
  168         829 
  169         785 
  170         760 
  171         783 
  172         806 
  173         758 
  174         764 
  175         797 
  176         775 
  177         802 
  178         839 
  179         762 
  180         748 
  181         806 
  182         823 
  183         820 
  184         784 
  185         754 
  186         825 
  187         820 
  188         772 
  189         807 
  190         785 
  191         754 
  192         778 
  193         730 
  194         770 
  195         791 
  196         788 
  197         791 
  198         736 
  199         756 
  200         752 
  201         797 
  202         850 
  203         716 
  204         805 
  205         783 
  206         819 
  207         844 
  208         781 
  209         774 
  210         823 
  211         799 
  212         790 
  213         804 
  214         774 
  215         802 
  216         842 
  217         755 
  218         818 
  219         789 
  220         803 
  221         801 
  222         811 
  223         841 
  224         785 
  225         790 
  226         801 
  227         802 
  228         755 
  229         812 
  230         741 
  231         820 
  232         822 
  233         796 
  234         796 
  235         771 
  236         805 
  237         831 
  238         804 
  239         798 
  240         819 
  241         872 
  242         788 
  243         767 
  244         743 
  245         759 
  246         781 
  247         765 
  248         788 
  249         731 
  250         825 
  251         767 
  252         822 
  253         828 
  254         816 
  255         790 
  256         828 
  257         775 
  258         786 
  259         791 
  260         813 
  261         813 
  262         771 
  263         743 
  264         796 
  265         813 
  266         805 
  267         820 
  268         793 
  269         725 
  270         733 
  271         808 
  272         764 
  273         809 
  274         823 
  275         808 
  276         776 
  277         796 
  278         741 
  279         822 
  280         791 
  281         753 
  282         866 
  283         777 
  284         769 
  285         788 
  286         777 
  287         858 
  288         795 
  289         785 
  290         796 
  291         787 
  292         792 
  293         836 
  294         814 
  295         761 
  296         733 
  297         740 
  298         765 
  299         803 
  300         791 
  301         785 
  302         808 
  303         813 
  304         828 
  305         790 
  306         802 
  307         793 
  308         722 
  309         785 
  310         779 
  311         818 
  312         802 
  313         764 
  314         799 
  315         791 
  316         766 
  317         766 
  318         799 
  319         760 
  320         788 
  321         737 
  322         775 
  323         760 
  324         758 
  325         783 
  326         752 
  327         768 
  328         796 
  329         781 
  330         796 
  331         805 
  332         797 
  333         765 
  334         795 
  335         784 
  336         778 
  337         802 
  338         733 
  339         789 
  340         855 
  341         801 
  342         777 
  343         820 
  344         776 
  345         767 
  346         760 
  347         839 
  348         766 
  349         795 
  350         797 
  351         833 
  352         766 
  353         739 
  354         797 
  355         787 
  356         817 
  357         797 
  358         768 
  359         784 
  360         775 
  361         793 
  362         805 
  363         803 
  364         753 
  365         777 
  366         742 
  367         726 
  368         778 
  369         802 
  370         738 
  371         835 
  372         794 
  373         800 
  374         795 
  375         816 
  376         765 
  377         822 
  378         828 
  379         778 
  380         745 
  381         817 
  382         827 
  383         790 
  384         816 
  385         784 
  386         819 
  387         773 
  388         732 
  389         798 
  390         804 
  391         861 
  392         797 
  393         798 
  394         811 
  395         804 
  396         800 
  397         742 
  398         807 
  399         822 
  400         787 
  401         785 
  402         759 
  403         749 
  404         816 
  405         816 
  406         775 
  407         783 
  408         759 
  409         817 
  410         802 
  411         777 
  412         758 
  413         767 
  414         782 
  415         855 
  416         777 
  417         826 
  418         792 
  419         828 
  420         824 
  421         779 
  422         817 
  423         755 
  424         808 
  425         832 
  426         796 
  427         794 
  428         804 
  429         770 
  430         793 
  431         824 
  432         763 
  433         811 
  434         832 
  435         777 
  436         805 
  437         844 
  438         788 
  439         812 
  440         781 
  441         798 
  442         827 
  443         802 
  444         799 
  445         834 
  446         839 
  447         843 
  448         799 
  449         792 
  450         812 
  451         768 
  452         791 
  453         808 
  454         765 
  455         793 
  456         825 
  457         791 
  458         786 
  459         830 
  460         795 
  461         781 
  462         758 
  463         786 
  464         801 
  465         799 
  466         808 
  467         807 
  468         837 
  469         798 
  470         757 
  471         786 
  472         812 
  473         831 
  474         845 
  475         828 
  476         793 
  477         857 
  478         799 
  479         820 
  480         830 
  481         824 
  482         797 
  483         806 
  484         793 
  485         814 
  486         856 
  487         775 
  488         791 
  489         785 
  490         748 
  491         738 
  492         802 
  493         740 
  494         791 
  495         804 
  496         812 
  497         763 
  498         815 
  499         778 
  500         770 
  501         787 
  502         821 
  503         802 
  504         774 
  505         778 
  506         772 
  507         746 
  508         794 
  509         770 
  510         753 
  511         812 
  512         773 
  513         793 
  514         840 
  515         790 
  516         768 
  517         832 
  518         786 
  519         836 
  520         763 
  521         805 
  522         845 
  523         813 
  524         765 
  525         778 
  526         778 
  527         774 
  528         756 
  529         834 
  530         755 
  531         799 
  532         799 
  533         779 
  534         792 
  535         801 
  536         805 
  537         785 
  538         779 
  539         763 
  540         825 
  541         771 
  542         761 
  543         805 
  544         789 
  545         831 
  546         815 
  547         791 
  548         818 
  549         798 
  550         805 
  551         738 
  552         778 
  553         790 
  554         774 
  555         814 
  556         798 
  557         808 
  558         821 
  559         779 
  560         771 
  561         798 
  562         837 
  563         825 
  564         796 
  565         784 
  566         794 
  567         798 
  568         821 
  569         856 
  570         856 
  571         799 
  572         813 
  573         801 
  574         768 
  575         818 
  576         841 
  577         773 
  578         815 
  579         813 
  580         767 
  581         750 
  582         770 
  583         810 
  584         739 
  585         780 
  586         821 
  587         760 
  588         837 
  589         763 
  590         792 
  591         777 
  592         841 
  593         812 
  594         841 
  595         761 
  596         799 
  597         786 
  598         749 
  599         765 
  600         798 
  601         811 
  602         797 
  603         771 
  604         764 
  605         761 
  606         752 
  607         779 
  608         722 
  609         796 
  610         789 
  611         780 
  612         842 
  613         802 
  614         800 
  615         808 
  616         792 
  617         786 
  618         786 
  619         785 
  620         712 
  621         798 
  622         803 
  623         792 
  624         748 
  625         804 
  626         770 
  627         771 
  628         771 
  629         840 
  630         813 
  631         753 
  632         799 
  633         757 
  634         823 
  635         805 
  636         823 
  637         768 
  638         818 
  639         832 
  640         775 
  641         776 
  642         779 
  643         786 
  644         796 
  645         775 
  646         777 
  647         815 
  648         775 
  649         856 
  650         804 
  651         777 
  652         846 
  653         805 
  654         802 
  655         719 
  656         798 
  657         784 
  658         816 
  659         728 
  660         756 
  661         741 
  662         700 
  663         730 
  664         741 
  665         790 
  666         769 
  667         820 
  668         780 
  669         781 
  670         790 
  671         799 
  672         797 
  673         812 
  674         768 
  675         772 
  676         803 
  677         752 
  678         811 
  679         776 
  680         777 
  681         732 
  682         786 
  683         810 
  684         777 
  685         777 
  686         783 
  687         811 
  688         813 
  689         804 
  690         791 
  691         793 
  692         781 
  693         786 
  694         765 
  695         806 
  696         752 
  697         761 
  698         779 
  699         815 
  700         791 
  701         790 
  702         763 
  703         722 
  704         761 
  705         764 
  706         755 
  707         706 
  708         748 
  709         765 
  710         771 
  711         842 
  712         804 
  713         785 
  714         784 
  715         840 
  716         775 
  717         803 
  718         753 
  719         803 
  720         781 
  721         805 
  722         758 
  723         736 
  724         788 
  725         785 
  726         784 
  727         782 
  728         832 
  729         786 
  730         771 
  731         800 
  732         817 
  733         746 
  734         785 
  735         765 
  736         763 
  737         830 
  738         812 
  739         809 
  740         795 
  741         779 
  742         783 
  743         780 
  744         757 
  745         795 
  746         837 
  747         792 
  748         779 
  749         757 
  750         755 
  751         765 
  752         769 
  753         758 
  754         757 
  755         822 
  756         718 
  757         786 
  758         786 
  759         810 
  760         775 
  761         841 
  762         802 
  763         810 
  764         755 
  765         788 
  766         770 
  767         810 
  768         800 
  769         825 
  770         865 
  771         846 
  772         771 
  773         799 
  774         802 
  775         741 
  776         802 
  777         792 
  778         790 
  779         773 
  780         766 
  781         781 
  782         794 
  783         809 
  784         751 
  785         788 
  786         738 
  787         852 
  788         732 
  789         818 
  790         828 
  791         844 
  792         791 
  793         765 
  794         841 
  795         834 
  796         731 
  797         792 
  798         822 
  799         768 
  800         830 
  801         761 
  802         792 
  803         756 
  804         756 
  805         830 
  806         747 
  807         802 
  808         811 
  809         796 
  810         817 
  811         782 
  812         839 
  813         814 
  814         843 
  815         797 
  816         780 
  817         782 
  818         795 
  819         818 
  820         825 
  821         774 
  822         771 
  823         808 
  824         770 
  825         718 
  826         778 
  827         745 
  828         761 
  829         807 
  830         743 
  831         800 
  832         802 
  833         762 
  834         786 
  835         788 
  836         789 
  837         752 
  838         794 
  839         817 
  840         793 
  841         792 
  842         831 
  843         767 
  844         774 
  845         811 
  846         758 
  847         812 
  848         823 
  849         748 
  850         768 
  851         774 
  852         783 
  853         785 
  854         783 
  855         806 
  856         815 
  857         810 
  858         777 
  859         823 
  860         827 
  861         803 
  862         763 
  863         805 
  864         826 
  865         819 
  866         789 
  867         749 
  868         809 
  869         776 
  870         741 
  871         770 
  872         743 
  873         706 
  874         773 
  875         737 
  876         748 
  877         807 
  878         726 
  879         789 
  880         840 
  881         815 
  882         789 
  883         808 
  884         749 
  885         798 
  886         811 
  887         775 
  888         817 
  889         831 
  890         785 
  891         788 
  892         814 
  893         765 
  894         782 
  895         781 
  896         796 
  897         764 
  898         833 
  899         798 
  900         803 
  901         766 
  902         763 
  903         787 
  904         836 
  905         779 
  906         794 
  907         806 
  908         823 
  909         806 
  910         762 
  911         801 
  912         800 
  913         772 
  914         775 
  915         816 
  916         789 
  917         809 
  918         769 
  919         795 
  920         786 
  921         778 
  922         744 
  923         775 
  924         804 
  925         825 
  926         857 
  927         801 
  928         763 
  929         789 
  930         771 
  931         799 
  932         783 
  933         806 
  934         768 
  935         807 
  936         798 
  937         782 
  938         806 
  939         788 
  940         824 
  941         786 
  942         831 
  943         803 
  944         805 
  945         812 
  946         783 
  947         769 
  948         778 
  949         829 
  950         796 
  951         834 
  952         771 
  953         772 
  954         829 
  955         781 
  956         805 
  957         799 
  958         784 
  959         784 
  960         768 
  961         786 
  962         788 
  963         766 
  964         831 
  965         815 
  966         831 
  967         832 
  968         807 
  969         822 
  970         753 
  971         768 
  972         774 
  973         789 
  974         777 
  975         809 
  976         772 
  977         767 
  978         811 
  979         790 
  980         821 
  981         790 
  982         847 
  983         798 
  984         814 
  985         758 
  986         760 
  987         817 
  988         791 
  989         793 
  990         750 
  991         798 
  992         775 
  993         821 
  994         782 
  995         788 
  996         778 
  997         795 
  998         746 
  999         759 
 1000         698 
 1001         755 
 1002         763 
 1003         745 
 1004         766 
 1005         789 
 1006         829 
 1007         746 
 1008         793 
 1009         792 
 1010         777 
 1011         804 
 1012         801 
 1013         809 
 1014         833 
 1015         831 
 1016         834 
 1017         775 
 1018         804 
 1019         770 
 1020         827 
 1021         793 
 1022         805 
 1023         774 
 1024         823 
