    1        2495 
    2        2538 
    3        2448 
    4        2542 
    5        2577 
    6        2586 
    7        2552 
    8        2532 
    9        2623 
   10        2567 
   11        2561 
   12        2641 
   13        2597 
   14        2563 
   15        2512 
   16        2518 
   17        2444 
   18        2576 
   19        2506 
   20        2512 
   21        2507 
   22        2646 
   23        2496 
   24        2600 
   25        2551 
   26        2539 
   27        2486 
   28        2543 
   29        2573 
   30        2556 
   31        2491 
   32        2542 
   33        2603 
   34        2552 
   35        2595 
   36        2571 
   37        2582 
   38        2585 
   39        2583 
   40        2437 
   41        2528 
   42        2504 
   43        2606 
   44        2491 
   45        2469 
   46        2550 
   47        2588 
   48        2563 
   49        2577 
   50        2530 
   51        2466 
   52        2494 
   53        2533 
   54        2575 
   55        2506 
   56        2517 
   57        2601 
   58        2618 
   59        2700 
   60        2551 
   61        2529 
   62        2511 
   63        2606 
   64        2491 
   65        2458 
   66        2576 
   67        2648 
   68        2534 
   69        2547 
   70        2538 
   71        2557 
   72        2445 
   73        2548 
   74        2481 
   75        2500 
   76        2621 
   77        2473 
   78        2522 
   79        2539 
   80        2560 
   81        2542 
   82        2516 
   83        2535 
   84        2485 
   85        2640 
   86        2460 
   87        2436 
   88        2527 
   89        2488 
   90        2569 
   91        2584 
   92        2546 
   93        2636 
   94        2512 
   95        2580 
   96        2552 
   97        2583 
   98        2471 
   99        2575 
  100        2526 
  101        2555 
  102        2510 
  103        2505 
  104        2497 
  105        2574 
  106        2556 
  107        2581 
  108        2558 
  109        2567 
  110        2462 
  111        2482 
  112        2593 
  113        2591 
  114        2631 
  115        2457 
  116        2648 
  117        2527 
  118        2608 
  119        2568 
  120        2552 
  121        2471 
  122        2604 
  123        2572 
  124        2507 
  125        2574 
  126        2512 
  127        2610 
  128        2426 
  129        2559 
  130        2576 
  131        2529 
  132        2543 
  133        2592 
  134        2458 
  135        2553 
  136        2550 
  137        2577 
  138        2530 
  139        2506 
  140        2494 
  141        2455 
  142        2538 
  143        2551 
  144        2563 
  145        2600 
  146        2570 
  147        2420 
  148        2559 
  149        2506 
  150        2378 
  151        2458 
  152        2289 
  153        2195 
  154        2199 
  155        2170 
  156        2353 
  157        2492 
  158        2423 
  159        2489 
  160        2507 
  161        2505 
  162        2447 
  163        2543 
  164        2508 
  165        2525 
  166        2492 
  167        2538 
  168        2557 
  169        2621 
  170        2535 
  171        2531 
  172        2610 
  173        2553 
  174        2512 
  175        2568 
  176        2622 
  177        2500 
  178        2462 
  179        2608 
  180        2548 
  181        2541 
  182        2546 
  183        2534 
  184        2558 
  185        2558 
  186        2615 
  187        2631 
  188        2515 
  189        2493 
  190        2493 
  191        2561 
  192        2492 
  193        2602 
  194        2513 
  195        2550 
  196        2386 
  197        2420 
  198        2304 
  199        2257 
  200        2254 
  201        2287 
  202        2492 
  203        2523 
  204        2516 
  205        2514 
  206        2558 
  207        2455 
  208        2511 
  209        2553 
  210        2514 
  211        2642 
  212        2490 
  213        2501 
  214        2496 
  215        2486 
  216        2439 
  217        2616 
  218        2497 
  219        2542 
  220        2505 
  221        2550 
  222        2540 
  223        2562 
  224        2533 
  225        2529 
  226        2486 
  227        2526 
  228        2519 
  229        2578 
  230        2570 
  231        2623 
  232        2467 
  233        2595 
  234        2539 
  235        2560 
  236        2491 
  237        2468 
  238        2484 
  239        2516 
  240        2537 
  241        2500 
  242        2508 
  243        2314 
  244        2361 
  245        2421 
  246        2414 
  247        2475 
  248        2570 
  249        2586 
  250        2536 
  251        2544 
  252        2424 
  253        2453 
  254        2573 
  255        2556 
  256        2489 
  257        2566 
  258        2494 
  259        2512 
  260        2503 
  261        2484 
  262        2582 
  263        2518 
  264        2520 
  265        2508 
  266        2454 
  267        2539 
  268        2520 
  269        2496 
  270        2479 
  271        2524 
  272        2495 
  273        2501 
  274        2464 
  275        2461 
  276        2338 
  277        2415 
  278        2379 
  279        2334 
  280        2392 
  281        2525 
  282        2414 
  283        2511 
  284        2523 
  285        2555 
  286        2545 
  287        2545 
  288        2602 
  289        2433 
  290        2524 
  291        2596 
  292        2529 
  293        2496 
  294        2464 
  295        2481 
  296        2542 
  297        2569 
  298        2552 
  299        2706 
  300        2467 
  301        2587 
  302        2441 
  303        2545 
  304        2589 
  305        2610 
  306        2523 
  307        2585 
  308        2543 
  309        2553 
  310        2563 
  311        2623 
  312        2522 
  313        2546 
  314        2515 
  315        2577 
  316        2501 
  317        2533 
  318        2502 
  319        2468 
  320        2370 
  321        2290 
  322        2243 
  323        2445 
  324        2420 
  325        2468 
  326        2375 
  327        2530 
  328        2555 
  329        2491 
  330        2501 
  331        2469 
  332        2525 
  333        2552 
  334        2531 
  335        2541 
  336        2649 
  337        2552 
  338        2475 
  339        2544 
  340        2545 
  341        2494 
  342        2530 
  343        2598 
  344        2539 
  345        2452 
  346        2508 
  347        2466 
  348        2561 
  349        2493 
  350        2536 
  351        2507 
  352        2474 
  353        2526 
  354        2524 
  355        2542 
  356        2537 
  357        2517 
  358        2530 
  359        2492 
  360        2509 
  361        2461 
  362        2314 
  363        2317 
  364        2274 
  365        2224 
  366        2181 
  367        2182 
  368        2235 
  369        2381 
  370        2468 
  371        2449 
  372        2425 
  373        2548 
  374        2537 
  375        2447 
  376        2504 
  377        2522 
  378        2585 
  379        2420 
  380        2562 
  381        2552 
  382        2497 
  383        2551 
  384        2542 
  385        2525 
  386        2454 
  387        2494 
  388        2566 
  389        2526 
  390        2470 
  391        2546 
  392        2541 
  393        2410 
  394        2551 
  395        2540 
  396        2544 
  397        2622 
  398        2595 
  399        2573 
  400        2472 
  401        2600 
  402        2564 
  403        2496 
  404        2485 
  405        2445 
  406        2568 
  407        2547 
  408        2531 
  409        2559 
  410        2581 
  411        2455 
  412        2547 
  413        2573 
  414        2560 
  415        2632 
  416        2539 
  417        2444 
  418        2476 
  419        2593 
  420        2564 
  421        2486 
  422        2451 
  423        2565 
  424        2636 
  425        2460 
  426        2570 
  427        2579 
  428        2571 
  429        2600 
  430        2471 
  431        2538 
  432        2607 
  433        2579 
  434        2473 
  435        2560 
  436        2515 
  437        2614 
  438        2552 
  439        2504 
  440        2518 
  441        2590 
  442        2622 
  443        2507 
  444        2541 
  445        2566 
  446        2594 
  447        2511 
  448        2626 
  449        2609 
  450        2467 
  451        2545 
  452        2550 
  453        2596 
  454        2560 
  455        2557 
  456        2511 
  457        2544 
  458        2568 
  459        2609 
  460        2536 
  461        2516 
  462        2495 
  463        2442 
  464        2667 
  465        2601 
  466        2452 
  467        2559 
  468        2574 
  469        2549 
  470        2582 
  471        2453 
  472        2584 
  473        2631 
  474        2441 
  475        2476 
  476        2639 
  477        2485 
  478        2627 
  479        2611 
  480        2557 
  481        2530 
  482        2562 
  483        2623 
  484        2604 
  485        2480 
  486        2453 
  487        2553 
  488        2423 
  489        2508 
  490        2584 
  491        2542 
  492        2643 
  493        2557 
  494        2616 
  495        2552 
  496        2610 
  497        2450 
  498        2589 
  499        2519 
  500        2527 
  501        2487 
  502        2563 
  503        2567 
  504        2528 
  505        2531 
  506        2515 
  507        2461 
  508        2541 
  509        2503 
  510        2570 
  511        2452 
  512        2464 
  513        2481 
  514        2478 
  515        2656 
  516        2542 
  517        2502 
  518        2495 
  519        2510 
  520        2560 
  521        2607 
  522        2551 
  523        2499 
  524        2538 
  525        2555 
  526        2506 
  527        2498 
  528        2511 
  529        2528 
  530        2537 
  531        2607 
  532        2541 
  533        2495 
  534        2516 
  535        2535 
  536        2502 
  537        2570 
  538        2522 
  539        2567 
  540        2585 
  541        2544 
  542        2591 
  543        2571 
  544        2564 
  545        2567 
  546        2594 
  547        2485 
  548        2501 
  549        2630 
  550        2478 
  551        2527 
  552        2540 
  553        2658 
  554        2550 
  555        2536 
  556        2495 
  557        2521 
  558        2551 
  559        2474 
  560        2533 
  561        2471 
  562        2558 
  563        2577 
  564        2596 
  565        2561 
  566        2432 
  567        2561 
  568        2494 
  569        2450 
  570        2616 
  571        2604 
  572        2529 
  573        2575 
  574        2572 
  575        2512 
  576        2556 
  577        2529 
  578        2520 
  579        2550 
  580        2585 
  581        2524 
  582        2475 
  583        2607 
  584        2535 
  585        2556 
  586        2513 
  587        2597 
  588        2618 
  589        2497 
  590        2533 
  591        2556 
  592        2500 
  593        2426 
  594        2476 
  595        2484 
  596        2474 
  597        2576 
  598        2439 
  599        2563 
  600        2438 
  601        2606 
  602        2575 
  603        2618 
  604        2531 
  605        2442 
  606        2597 
  607        2437 
  608        2421 
  609        2570 
  610        2620 
  611        2473 
  612        2579 
  613        2464 
  614        2580 
  615        2469 
  616        2533 
  617        2550 
  618        2549 
  619        2590 
  620        2524 
  621        2506 
  622        2541 
  623        2587 
  624        2472 
  625        2486 
  626        2522 
  627        2458 
  628        2534 
  629        2577 
  630        2535 
  631        2634 
  632        2523 
  633        2574 
  634        2454 
  635        2473 
  636        2600 
  637        2514 
  638        2536 
  639        2524 
  640        2483 
  641        2506 
  642        2555 
  643        2517 
  644        2625 
  645        2486 
  646        2467 
  647        2471 
  648        2513 
  649        2464 
  650        2541 
  651        2493 
  652        2540 
  653        2443 
  654        2516 
  655        2506 
  656        2397 
  657        2349 
  658        2423 
  659        2241 
  660        2259 
  661        2251 
  662        2243 
  663        2197 
  664        2405 
  665        2391 
  666        2415 
  667        2487 
  668        2537 
  669        2448 
  670        2541 
  671        2530 
  672        2485 
  673        2496 
  674        2624 
  675        2573 
  676        2465 
  677        2524 
  678        2542 
  679        2457 
  680        2608 
  681        2488 
  682        2534 
  683        2460 
  684        2547 
  685        2514 
  686        2569 
  687        2430 
  688        2485 
  689        2521 
  690        2546 
  691        2517 
  692        2527 
  693        2633 
  694        2523 
  695        2503 
  696        2366 
  697        2439 
  698        2560 
  699        2511 
  700        2585 
  701        2527 
  702        2453 
  703        2375 
  704        2418 
  705        2176 
  706        2226 
  707        2252 
  708        2368 
  709        2535 
  710        2517 
  711        2483 
  712        2557 
  713        2509 
  714        2489 
  715        2593 
  716        2481 
  717        2451 
  718        2476 
  719        2594 
  720        2490 
  721        2553 
  722        2472 
  723        2547 
  724        2501 
  725        2533 
  726        2496 
  727        2504 
  728        2540 
  729        2565 
  730        2572 
  731        2542 
  732        2558 
  733        2597 
  734        2492 
  735        2514 
  736        2542 
  737        2530 
  738        2560 
  739        2520 
  740        2477 
  741        2573 
  742        2491 
  743        2539 
  744        2563 
  745        2513 
  746        2455 
  747        2435 
  748        2422 
  749        2301 
  750        2381 
  751        2338 
  752        2423 
  753        2507 
  754        2514 
  755        2464 
  756        2574 
  757        2448 
  758        2552 
  759        2415 
  760        2500 
  761        2447 
  762        2512 
  763        2447 
  764        2530 
  765        2465 
  766        2510 
  767        2533 
  768        2485 
  769        2609 
  770        2568 
  771        2499 
  772        2519 
  773        2575 
  774        2533 
  775        2504 
  776        2527 
  777        2488 
  778        2487 
  779        2458 
  780        2393 
  781        2388 
  782        2378 
  783        2285 
  784        2454 
  785        2476 
  786        2456 
  787        2507 
  788        2487 
  789        2563 
  790        2497 
  791        2469 
  792        2538 
  793        2493 
  794        2611 
  795        2560 
  796        2538 
  797        2587 
  798        2481 
  799        2443 
  800        2511 
  801        2425 
  802        2536 
  803        2466 
  804        2596 
  805        2537 
  806        2516 
  807        2600 
  808        2519 
  809        2547 
  810        2530 
  811        2503 
  812        2504 
  813        2516 
  814        2519 
  815        2547 
  816        2489 
  817        2544 
  818        2482 
  819        2516 
  820        2507 
  821        2540 
  822        2454 
  823        2508 
  824        2423 
  825        2352 
  826        2321 
  827        2309 
  828        2260 
  829        2346 
  830        2403 
  831        2381 
  832        2449 
  833        2424 
  834        2441 
  835        2521 
  836        2539 
  837        2467 
  838        2555 
  839        2437 
  840        2591 
  841        2594 
  842        2489 
  843        2573 
  844        2598 
  845        2552 
  846        2455 
  847        2584 
  848        2550 
  849        2490 
  850        2547 
  851        2492 
  852        2439 
  853        2407 
  854        2628 
  855        2498 
  856        2512 
  857        2589 
  858        2546 
  859        2495 
  860        2399 
  861        2545 
  862        2465 
  863        2553 
  864        2538 
  865        2473 
  866        2464 
  867        2487 
  868        2448 
  869        2534 
  870        2385 
  871        2355 
  872        2227 
  873        2220 
  874        2184 
  875        2285 
  876        2415 
  877        2380 
  878        2433 
  879        2445 
  880        2521 
  881        2503 
  882        2478 
  883        2502 
  884        2546 
  885        2538 
  886        2490 
  887        2487 
  888        2521 
  889        2459 
  890        2595 
  891        2530 
  892        2557 
  893        2503 
  894        2543 
  895        2526 
  896        2543 
  897        2534 
  898        2445 
  899        2507 
  900        2552 
  901        2511 
  902        2503 
  903        2513 
  904        2582 
  905        2556 
  906        2460 
  907        2533 
  908        2528 
  909        2608 
  910        2472 
  911        2502 
  912        2484 
  913        2547 
  914        2550 
  915        2538 
  916        2561 
  917        2537 
  918        2529 
  919        2482 
  920        2478 
  921        2509 
  922        2467 
  923        2499 
  924        2547 
  925        2573 
  926        2441 
  927        2484 
  928        2422 
  929        2469 
  930        2514 
  931        2477 
  932        2520 
  933        2540 
  934        2540 
  935        2562 
  936        2588 
  937        2531 
  938        2547 
  939        2541 
  940        2578 
  941        2553 
  942        2537 
  943        2594 
  944        2588 
  945        2554 
  946        2564 
  947        2555 
  948        2455 
  949        2543 
  950        2543 
  951        2678 
  952        2575 
  953        2510 
  954        2586 
  955        2509 
  956        2558 
  957        2535 
  958        2573 
  959        2562 
  960        2568 
  961        2553 
  962        2611 
  963        2468 
  964        2510 
  965        2549 
  966        2493 
  967        2594 
  968        2616 
  969        2479 
  970        2464 
  971        2564 
  972        2547 
  973        2571 
  974        2535 
  975        2591 
  976        2550 
  977        2459 
  978        2558 
  979        2615 
  980        2652 
  981        2597 
  982        2466 
  983        2440 
  984        2605 
  985        2454 
  986        2554 
  987        2557 
  988        2520 
  989        2544 
  990        2594 
  991        2552 
  992        2591 
  993        2526 
  994        2466 
  995        2537 
  996        2495 
  997        2448 
  998        2509 
  999        2479 
 1000        2569 
 1001        2571 
 1002        2467 
 1003        2550 
 1004        2584 
 1005        2518 
 1006        2509 
 1007        2584 
 1008        2485 
 1009        2595 
 1010        2439 
 1011        2565 
 1012        2594 
 1013        2546 
 1014        2645 
 1015        2592 
 1016        2556 
 1017        2421 
 1018        2662 
 1019        2478 
 1020        2497 
 1021        2536 
 1022        2575 
 1023        2453 
 1024        2523 
