    1        1331 
    2        1328 
    3        1326 
    4        1329 
    5        1338 
    6        1349 
    7        1329 
    8        1340 
    9        1311 
   10        1296 
   11        1358 
   12        1359 
   13        1350 
   14        1296 
   15        1324 
   16        1333 
   17        1376 
   18        1349 
   19        1274 
   20        1348 
   21        1400 
   22        1342 
   23        1373 
   24        1311 
   25        1327 
   26        1269 
   27        1374 
   28        1354 
   29        1299 
   30        1310 
   31        1362 
   32        1329 
   33        1334 
   34        1326 
   35        1354 
   36        1325 
   37        1332 
   38        1303 
   39        1382 
   40        1367 
   41        1341 
   42        1310 
   43        1342 
   44        1311 
   45        1322 
   46        1414 
   47        1399 
   48        1361 
   49        1394 
   50        1362 
   51        1307 
   52        1319 
   53        1350 
   54        1330 
   55        1289 
   56        1368 
   57        1344 
   58        1413 
   59        1343 
   60        1362 
   61        1347 
   62        1313 
   63        1339 
   64        1313 
   65        1355 
   66        1318 
   67        1347 
   68        1412 
   69        1385 
   70        1316 
   71        1390 
   72        1301 
   73        1361 
   74        1375 
   75        1377 
   76        1364 
   77        1314 
   78        1302 
   79        1338 
   80        1356 
   81        1351 
   82        1309 
   83        1333 
   84        1413 
   85        1253 
   86        1352 
   87        1328 
   88        1331 
   89        1319 
   90        1306 
   91        1346 
   92        1351 
   93        1299 
   94        1325 
   95        1350 
   96        1323 
   97        1303 
   98        1325 
   99        1364 
  100        1340 
  101        1338 
  102        1315 
  103        1359 
  104        1323 
  105        1390 
  106        1321 
  107        1449 
  108        1377 
  109        1362 
  110        1306 
  111        1368 
  112        1364 
  113        1243 
  114        1348 
  115        1360 
  116        1368 
  117        1296 
  118        1334 
  119        1357 
  120        1345 
  121        1352 
  122        1285 
  123        1367 
  124        1322 
  125        1336 
  126        1345 
  127        1354 
  128        1390 
  129        1346 
  130        1316 
  131        1397 
  132        1354 
  133        1290 
  134        1282 
  135        1341 
  136        1330 
  137        1388 
  138        1376 
  139        1316 
  140        1368 
  141        1365 
  142        1373 
  143        1291 
  144        1325 
  145        1367 
  146        1350 
  147        1291 
  148        1332 
  149        1364 
  150        1359 
  151        1354 
  152        1295 
  153        1278 
  154        1351 
  155        1365 
  156        1389 
  157        1317 
  158        1316 
  159        1324 
  160        1322 
  161        1364 
  162        1399 
  163        1336 
  164        1325 
  165        1269 
  166        1315 
  167        1558 
  168        1388 
  169        1313 
  170        1343 
  171        1333 
  172        1353 
  173        1330 
  174        1372 
  175        1330 
  176        1364 
  177        1357 
  178        1320 
  179        1314 
  180        1393 
  181        1308 
  182        1343 
  183        1331 
  184        1342 
  185        1379 
  186        1364 
  187        1284 
  188        1394 
  189        1340 
  190        1305 
  191        1316 
  192        1305 
  193        1270 
  194        1339 
  195        1316 
  196        1308 
  197        1353 
  198        1371 
  199        1345 
  200        1230 
  201        1302 
  202        1293 
  203        1335 
  204        1369 
  205        1315 
  206        1323 
  207        1337 
  208        1296 
  209        1350 
  210        1288 
  211        1213 
  212        1333 
  213        1343 
  214        1352 
  215        1322 
  216        1343 
  217        1320 
  218        1381 
  219        1307 
  220        1286 
  221        1294 
  222        1293 
  223        1278 
  224        1417 
  225        1323 
  226        1391 
  227        1260 
  228        1333 
  229        1333 
  230        1320 
  231        1368 
  232        1338 
  233        1321 
  234        1320 
  235        1384 
  236        1236 
  237        1288 
  238        1320 
  239        1276 
  240        1273 
  241        1183 
  242        1230 
  243        1157 
  244        1146 
  245        1187 
  246        1139 
  247        1168 
  248        1188 
  249        1165 
  250        1228 
  251        1260 
  252        1248 
  253        1207 
  254        1213 
  255        1186 
  256        1203 
  257        1206 
  258        1170 
  259        1161 
  260        1184 
  261        1237 
  262        1187 
  263        1169 
  264        1251 
  265        1236 
  266        1239 
  267        1265 
  268        1345 
  269        1289 
  270        1254 
  271        1358 
  272        1358 
  273        1316 
  274        1408 
  275        1320 
  276        1343 
  277        1334 
  278        1330 
  279        1359 
  280        1319 
  281        1234 
  282        1369 
  283        1300 
  284        1348 
  285        1311 
  286        1291 
  287        1347 
  288        1273 
  289        1358 
  290        1289 
  291        1318 
  292        1346 
  293        1351 
  294        1309 
  295        1317 
  296        1319 
  297        1305 
  298        1284 
  299        1350 
  300        1303 
  301        1326 
  302        1394 
  303        1315 
  304        1358 
  305        1351 
  306        1332 
  307        1365 
  308        1334 
  309        1425 
  310        1302 
  311        1324 
  312        1307 
  313        1327 
  314        1295 
  315        1419 
  316        1372 
  317        1301 
  318        1287 
  319        1341 
  320        1318 
  321        1345 
  322        1388 
  323        1396 
  324        1381 
  325        1327 
  326        1367 
  327        1386 
  328        1277 
  329        1317 
  330        1349 
  331        1296 
  332        1348 
  333        1387 
  334        1337 
  335        1337 
  336        1381 
  337        1316 
  338        1327 
  339        1294 
  340        1336 
  341        1332 
  342        1342 
  343        1341 
  344        1307 
  345        1306 
  346        1264 
  347        1329 
  348        1302 
  349        1348 
  350        1339 
  351        1374 
  352        1349 
  353        1311 
  354        1299 
  355        1363 
  356        1314 
  357        1323 
  358        1301 
  359        1387 
  360        1338 
  361        1293 
  362        1373 
  363        1307 
  364        1311 
  365        1331 
  366        1350 
  367        1334 
  368        1419 
  369        1358 
  370        1330 
  371        1327 
  372        1362 
  373        1302 
  374        1287 
  375        1319 
  376        1310 
  377        1346 
  378        1286 
  379        1300 
  380        1422 
  381        1373 
  382        1349 
  383        1392 
  384        1287 
  385        1349 
  386        1353 
  387        1399 
  388        1339 
  389        1359 
  390        1383 
  391        1268 
  392        1280 
  393        1286 
  394        1360 
  395        1330 
  396        1410 
  397        1327 
  398        1285 
  399        1363 
  400        1360 
  401        1314 
  402        1338 
  403        1323 
  404        1341 
  405        1271 
  406        1353 
  407        1393 
  408        1381 
  409        1306 
  410        1352 
  411        1314 
  412        1337 
  413        1407 
  414        1335 
  415        1367 
  416        1304 
  417        1316 
  418        1331 
  419        1350 
  420        1329 
  421        1290 
  422        1327 
  423        1361 
  424        1325 
  425        1353 
  426        1329 
  427        1291 
  428        1311 
  429        1328 
  430        1312 
  431        1406 
  432        1359 
  433        1348 
  434        1341 
  435        1335 
  436        1299 
  437        1396 
  438        1289 
  439        1438 
  440        1402 
  441        1322 
  442        1332 
  443        1322 
  444        1360 
  445        1354 
  446        1355 
  447        1349 
  448        1326 
  449        1330 
  450        1389 
  451        1410 
  452        1299 
  453        1434 
  454        1398 
  455        1333 
  456        1372 
  457        1363 
  458        1395 
  459        1341 
  460        1356 
  461        1281 
  462        1375 
  463        1416 
  464        1357 
  465        1350 
  466        1379 
  467        1314 
  468        1274 
  469        1306 
  470        1371 
  471        1365 
  472        1261 
  473        1368 
  474        1341 
  475        1343 
  476        1307 
  477        1383 
  478        1323 
  479        1344 
  480        1286 
  481        1315 
  482        1297 
  483        1314 
  484        1350 
  485        1324 
  486        1342 
  487        1290 
  488        1385 
  489        1352 
  490        1382 
  491        1316 
  492        1218 
  493        1381 
  494        1408 
  495        1348 
  496        1339 
  497        1362 
  498        1309 
  499        1301 
  500        1259 
  501        1344 
  502        1342 
  503        1321 
  504        1418 
  505        1369 
  506        1284 
  507        1347 
  508        1332 
  509        1328 
  510        1317 
  511        1345 
  512        1289 
  513        1311 
  514        1335 
  515        1294 
  516        1339 
  517        1343 
  518        1350 
  519        1295 
  520        1439 
  521        1333 
  522        1316 
  523        1311 
  524        1320 
  525        1376 
  526        1362 
  527        1306 
  528        1404 
  529        1363 
  530        1317 
  531        1344 
  532        1347 
  533        1275 
  534        1331 
  535        1347 
  536        1316 
  537        1299 
  538        1383 
  539        1305 
  540        1315 
  541        1352 
  542        1332 
  543        1350 
  544        1358 
  545        1356 
  546        1290 
  547        1319 
  548        1300 
  549        1321 
  550        1281 
  551        1313 
  552        1305 
  553        1375 
  554        1326 
  555        1330 
  556        1322 
  557        1223 
  558        1348 
  559        1264 
  560        1350 
  561        1324 
  562        1334 
  563        1376 
  564        1364 
  565        1327 
  566        1347 
  567        1269 
  568        1247 
  569        1344 
  570        1338 
  571        1330 
  572        1272 
  573        1314 
  574        1368 
  575        1328 
  576        1277 
  577        1321 
  578        1359 
  579        1372 
  580        1382 
  581        1332 
  582        1311 
  583        1291 
  584        1396 
  585        1332 
  586        1410 
  587        1373 
  588        1302 
  589        1382 
  590        1370 
  591        1271 
  592        1352 
  593        1319 
  594        1342 
  595        1291 
  596        1349 
  597        1291 
  598        1362 
  599        1348 
  600        1360 
  601        1236 
  602        1329 
  603        1339 
  604        1370 
  605        1343 
  606        1363 
  607        1301 
  608        1279 
  609        1315 
  610        1337 
  611        1241 
  612        1270 
  613        1304 
  614        1335 
  615        1330 
  616        1309 
  617        1364 
  618        1365 
  619        1382 
  620        1354 
  621        1325 
  622        1413 
  623        1331 
  624        1311 
  625        1346 
  626        1305 
  627        1318 
  628        1369 
  629        1333 
  630        1258 
  631        1336 
  632        1292 
  633        1316 
  634        1344 
  635        1300 
  636        1265 
  637        1362 
  638        1321 
  639        1350 
  640        1357 
  641        1365 
  642        1327 
  643        1296 
  644        1329 
  645        1291 
  646        1343 
  647        1332 
  648        1330 
  649        1374 
  650        1246 
  651        1400 
  652        1338 
  653        1355 
  654        1367 
  655        1302 
  656        1319 
  657        1321 
  658        1310 
  659        1341 
  660        1352 
  661        1350 
  662        1248 
  663        1362 
  664        1308 
  665        1312 
  666        1326 
  667        1440 
  668        1322 
  669        1372 
  670        1321 
  671        1399 
  672        1348 
  673        1387 
  674        1377 
  675        1272 
  676        1363 
  677        1335 
  678        1273 
  679        1283 
  680        1315 
  681        1291 
  682        1357 
  683        1325 
  684        1294 
  685        1339 
  686        1258 
  687        1342 
  688        1294 
  689        1365 
  690        1321 
  691        1308 
  692        1333 
  693        1279 
  694        1374 
  695        1353 
  696        1293 
  697        1370 
  698        1350 
  699        1432 
  700        1321 
  701        1368 
  702        1338 
  703        1313 
  704        1293 
  705        1348 
  706        1330 
  707        1281 
  708        1341 
  709        1328 
  710        1297 
  711        1332 
  712        1319 
  713        1318 
  714        1309 
  715        1275 
  716        1295 
  717        1290 
  718        1328 
  719        1331 
  720        1258 
  721        1346 
  722        1297 
  723        1358 
  724        1339 
  725        1306 
  726        1352 
  727        1297 
  728        1350 
  729        1271 
  730        1392 
  731        1353 
  732        1306 
  733        1339 
  734        1323 
  735        1284 
  736        1312 
  737        1293 
  738        1345 
  739        1343 
  740        1289 
  741        1334 
  742        1316 
  743        1370 
  744        1329 
  745        1269 
  746        1370 
  747        1314 
  748        1382 
  749        1256 
  750        1276 
  751        1316 
  752        1269 
  753        1313 
  754        1325 
  755        1316 
  756        1255 
  757        1283 
  758        1238 
  759        1312 
  760        1265 
  761        1224 
  762        1205 
  763        1148 
  764        1166 
  765        1190 
  766        1172 
  767        1108 
  768        1148 
  769        1119 
  770        1183 
  771        1204 
  772        1204 
  773        1224 
  774        1224 
  775        1220 
  776        1256 
  777        1213 
  778        1201 
  779        1143 
  780        1124 
  781        1108 
  782        1121 
  783        1126 
  784        1152 
  785        1232 
  786        1208 
  787        1267 
  788        1231 
  789        1249 
  790        1269 
  791        1263 
  792        1322 
  793        1342 
  794        1277 
  795        1266 
  796        1320 
  797        1352 
  798        1359 
  799        1332 
  800        1307 
  801        1359 
  802        1368 
  803        1320 
  804        1305 
  805        1279 
  806        1374 
  807        1350 
  808        1349 
  809        1338 
  810        1342 
  811        1338 
  812        1337 
  813        1340 
  814        1322 
  815        1335 
  816        1294 
  817        1373 
  818        1367 
  819        1369 
  820        1380 
  821        1333 
  822        1328 
  823        1317 
  824        1323 
  825        1371 
  826        1264 
  827        1381 
  828        1340 
  829        1303 
  830        1356 
  831        1312 
  832        1272 
  833        1382 
  834        1300 
  835        1305 
  836        1391 
  837        1315 
  838        1291 
  839        1330 
  840        1353 
  841        1291 
  842        1301 
  843        1338 
  844        1309 
  845        1343 
  846        1286 
  847        1299 
  848        1368 
  849        1281 
  850        1319 
  851        1364 
  852        1422 
  853        1280 
  854        1319 
  855        1293 
  856        1349 
  857        1285 
  858        1327 
  859        1337 
  860        1349 
  861        1349 
  862        1310 
  863        1275 
  864        1320 
  865        1292 
  866        1297 
  867        1292 
  868        1348 
  869        1387 
  870        1349 
  871        1313 
  872        1317 
  873        1313 
  874        1299 
  875        1290 
  876        1387 
  877        1328 
  878        1379 
  879        1320 
  880        1330 
  881        1380 
  882        1314 
  883        1326 
  884        1326 
  885        1315 
  886        1310 
  887        1353 
  888        1356 
  889        1321 
  890        1325 
  891        1372 
  892        1290 
  893        1344 
  894        1334 
  895        1315 
  896        1358 
  897        1383 
  898        1367 
  899        1254 
  900        1365 
  901        1335 
  902        1393 
  903        1363 
  904        1356 
  905        1338 
  906        1344 
  907        1252 
  908        1363 
  909        1375 
  910        1387 
  911        1289 
  912        1291 
  913        1309 
  914        1345 
  915        1290 
  916        1285 
  917        1250 
  918        1328 
  919        1236 
  920        1355 
  921        1283 
  922        1284 
  923        1277 
  924        1299 
  925        1360 
  926        1343 
  927        1322 
  928        1335 
  929        1274 
  930        1342 
  931        1307 
  932        1319 
  933        1374 
  934        1337 
  935        1340 
  936        1312 
  937        1333 
  938        1325 
  939        1336 
  940        1385 
  941        1353 
  942        1372 
  943        1366 
  944        1363 
  945        1333 
  946        1411 
  947        1300 
  948        1306 
  949        1327 
  950        1300 
  951        1302 
  952        1387 
  953        1311 
  954        1359 
  955        1219 
  956        1389 
  957        1285 
  958        1295 
  959        1270 
  960        1378 
  961        1317 
  962        1332 
  963        1392 
  964        1321 
  965        1335 
  966        1371 
  967        1321 
  968        1330 
  969        1314 
  970        1314 
  971        1361 
  972        1373 
  973        1299 
  974        1291 
  975        1266 
  976        1323 
  977        1351 
  978        1293 
  979        1248 
  980        1352 
  981        1295 
  982        1360 
  983        1356 
  984        1355 
  985        1337 
  986        1309 
  987        1322 
  988        1303 
  989        1346 
  990        1297 
  991        1419 
  992        1398 
  993        1309 
  994        1385 
  995        1379 
  996        1282 
  997        1308 
  998        1345 
  999        1375 
 1000        1367 
 1001        1334 
 1002        1358 
 1003        1366 
 1004        1361 
 1005        1362 
 1006        1340 
 1007        1332 
 1008        1283 
 1009        1339 
 1010        1325 
 1011        1334 
 1012        1382 
 1013        1324 
 1014        1305 
 1015        1286 
 1016        1302 
 1017        1298 
 1018        1335 
 1019        1340 
 1020        1319 
 1021        1315 
 1022        1274 
 1023        1359 
 1024        1353 
