    1        1261 
    2        1256 
    3        1266 
    4        1237 
    5        1191 
    6        1189 
    7        1267 
    8        1191 
    9        1173 
   10        1188 
   11        1201 
   12        1256 
   13        1280 
   14        1230 
   15        1227 
   16        1287 
   17        1209 
   18        1260 
   19        1218 
   20        1268 
   21        1238 
   22        1242 
   23        1243 
   24        1202 
   25        1290 
   26        1207 
   27        1245 
   28        1211 
   29        1269 
   30        1226 
   31        1201 
   32        1238 
   33        1256 
   34        1246 
   35        1253 
   36        1223 
   37        1220 
   38        1221 
   39        1278 
   40        1231 
   41        1251 
   42        1282 
   43        1215 
   44        1253 
   45        1253 
   46        1231 
   47        1227 
   48        1186 
   49        1228 
   50        1225 
   51        1233 
   52        1191 
   53        1225 
   54        1250 
   55        1244 
   56        1259 
   57        1156 
   58        1242 
   59        1249 
   60        1221 
   61        1231 
   62        1234 
   63        1209 
   64        1208 
   65        1211 
   66        1268 
   67        1270 
   68        1237 
   69        1166 
   70        1205 
   71        1253 
   72        1296 
   73        1278 
   74        1217 
   75        1212 
   76        1266 
   77        1285 
   78        1254 
   79        1264 
   80        1213 
   81        1260 
   82        1236 
   83        1266 
   84        1170 
   85        1233 
   86        1279 
   87        1261 
   88        1242 
   89        1250 
   90        1238 
   91        1232 
   92        1218 
   93        1179 
   94        1276 
   95        1207 
   96        1237 
   97        1226 
   98        1250 
   99        1216 
  100        1192 
  101        1225 
  102        1243 
  103        1260 
  104        1266 
  105        1312 
  106        1295 
  107        1257 
  108        1270 
  109        1191 
  110        1200 
  111        1229 
  112        1198 
  113        1303 
  114        1217 
  115        1219 
  116        1249 
  117        1225 
  118        1252 
  119        1283 
  120        1250 
  121        1239 
  122        1240 
  123        1166 
  124        1341 
  125        1214 
  126        1264 
  127        1287 
  128        1301 
  129        1276 
  130        1230 
  131        1208 
  132        1268 
  133        1253 
  134        1252 
  135        1140 
  136        1243 
  137        1246 
  138        1229 
  139        1176 
  140        1314 
  141        1258 
  142        1267 
  143        1289 
  144        1225 
  145        1229 
  146        1216 
  147        1191 
  148        1251 
  149        1197 
  150        1250 
  151        1239 
  152        1252 
  153        1220 
  154        1227 
  155        1294 
  156        1342 
  157        1226 
  158        1224 
  159        1180 
  160        1237 
  161        1228 
  162        1141 
  163        1234 
  164        1269 
  165        1275 
  166        1203 
  167        1236 
  168        1294 
  169        1262 
  170        1285 
  171        1289 
  172        1247 
  173        1247 
  174        1191 
  175        1239 
  176        1259 
  177        1211 
  178        1283 
  179        1249 
  180        1191 
  181        1265 
  182        1187 
  183        1250 
  184        1222 
  185        1189 
  186        1219 
  187        1230 
  188        1216 
  189        1279 
  190        1242 
  191        1197 
  192        1202 
  193        1183 
  194        1207 
  195        1248 
  196        1239 
  197        1244 
  198        1246 
  199        1179 
  200        1163 
  201        1184 
  202        1255 
  203        1155 
  204        1093 
  205        1080 
  206        1051 
  207        1117 
  208         988 
  209        1047 
  210        1060 
  211        1126 
  212        1122 
  213        1171 
  214        1176 
  215        1190 
  216        1170 
  217        1157 
  218        1207 
  219        1187 
  220        1229 
  221        1264 
  222        1235 
  223        1178 
  224        1243 
  225        1198 
  226        1207 
  227        1261 
  228        1201 
  229        1200 
  230        1201 
  231        1179 
  232        1240 
  233        1192 
  234        1229 
  235        1221 
  236        1191 
  237        1314 
  238        1232 
  239        1245 
  240        1236 
  241        1238 
  242        1211 
  243        1289 
  244        1232 
  245        1290 
  246        1191 
  247        1169 
  248        1240 
  249        1270 
  250        1153 
  251        1243 
  252        1202 
  253        1258 
  254        1250 
  255        1268 
  256        1183 
  257        1182 
  258        1173 
  259        1114 
  260        1127 
  261        1171 
  262        1056 
  263        1037 
  264        1062 
  265        1120 
  266        1148 
  267        1168 
  268        1205 
  269        1234 
  270        1278 
  271        1221 
  272        1276 
  273        1233 
  274        1293 
  275        1252 
  276        1166 
  277        1183 
  278        1234 
  279        1204 
  280        1213 
  281        1201 
  282        1226 
  283        1293 
  284        1313 
  285        1208 
  286        1246 
  287        1211 
  288        1215 
  289        1229 
  290        1289 
  291        1250 
  292        1253 
  293        1259 
  294        1243 
  295        1251 
  296        1209 
  297        1249 
  298        1230 
  299        1210 
  300        1281 
  301        1215 
  302        1239 
  303        1263 
  304        1230 
  305        1257 
  306        1320 
  307        1244 
  308        1200 
  309        1199 
  310        1217 
  311        1212 
  312        1255 
  313        1230 
  314        1236 
  315        1224 
  316        1230 
  317        1223 
  318        1188 
  319        1364 
  320        1163 
  321        1180 
  322        1298 
  323        1232 
  324        1187 
  325        1241 
  326        1231 
  327        1266 
  328        1318 
  329        1243 
  330        1221 
  331        1221 
  332        1257 
  333        1262 
  334        1221 
  335        1214 
  336        1210 
  337        1195 
  338        1219 
  339        1246 
  340        1212 
  341        1235 
  342        1255 
  343        1216 
  344        1231 
  345        1255 
  346        1235 
  347        1221 
  348        1237 
  349        1210 
  350        1249 
  351        1237 
  352        1228 
  353        1272 
  354        1203 
  355        1208 
  356        1166 
  357        1207 
  358        1277 
  359        1230 
  360        1232 
  361        1244 
  362        1224 
  363        1205 
  364        1278 
  365        1209 
  366        1239 
  367        1253 
  368        1234 
  369        1315 
  370        1223 
  371        1226 
  372        1287 
  373        1242 
  374        1330 
  375        1265 
  376        1237 
  377        1272 
  378        1242 
  379        1246 
  380        1201 
  381        1243 
  382        1234 
  383        1253 
  384        1198 
  385        1197 
  386        1214 
  387        1251 
  388        1289 
  389        1227 
  390        1197 
  391        1253 
  392        1199 
  393        1238 
  394        1274 
  395        1246 
  396        1233 
  397        1234 
  398        1261 
  399        1265 
  400        1247 
  401        1162 
  402        1266 
  403        1303 
  404        1290 
  405        1210 
  406        1241 
  407        1253 
  408        1228 
  409        1258 
  410        1209 
  411        1217 
  412        1278 
  413        1249 
  414        1237 
  415        1175 
  416        1207 
  417        1299 
  418        1245 
  419        1279 
  420        1149 
  421        1164 
  422        1228 
  423        1256 
  424        1225 
  425        1211 
  426        1245 
  427        1222 
  428        1263 
  429        1194 
  430        1249 
  431        1246 
  432        1236 
  433        1254 
  434        1269 
  435        1226 
  436        1262 
  437        1253 
  438        1221 
  439        1189 
  440        1211 
  441        1265 
  442        1258 
  443        1227 
  444        1189 
  445        1169 
  446        1263 
  447        1233 
  448        1247 
  449        1199 
  450        1251 
  451        1238 
  452        1315 
  453        1218 
  454        1193 
  455        1271 
  456        1279 
  457        1269 
  458        1247 
  459        1234 
  460        1226 
  461        1256 
  462        1220 
  463        1222 
  464        1281 
  465        1266 
  466        1225 
  467        1213 
  468        1309 
  469        1217 
  470        1213 
  471        1213 
  472        1250 
  473        1247 
  474        1319 
  475        1263 
  476        1279 
  477        1262 
  478        1230 
  479        1245 
  480        1239 
  481        1255 
  482        1258 
  483        1225 
  484        1221 
  485        1255 
  486        1224 
  487        1287 
  488        1221 
  489        1215 
  490        1262 
  491        1174 
  492        1242 
  493        1231 
  494        1212 
  495        1288 
  496        1251 
  497        1274 
  498        1199 
  499        1220 
  500        1231 
  501        1239 
  502        1228 
  503        1192 
  504        1236 
  505        1228 
  506        1223 
  507        1245 
  508        1207 
  509        1266 
  510        1226 
  511        1270 
  512        1234 
  513        1179 
  514        1241 
  515        1183 
  516        1168 
  517        1202 
  518        1260 
  519        1238 
  520        1224 
  521        1242 
  522        1261 
  523        1197 
  524        1206 
  525        1196 
  526        1268 
  527        1238 
  528        1226 
  529        1241 
  530        1245 
  531        1258 
  532        1221 
  533        1235 
  534        1247 
  535        1224 
  536        1184 
  537        1299 
  538        1248 
  539        1187 
  540        1285 
  541        1282 
  542        1214 
  543        1163 
  544        1211 
  545        1276 
  546        1215 
  547        1258 
  548        1216 
  549        1248 
  550        1214 
  551        1216 
  552        1239 
  553        1272 
  554        1239 
  555        1249 
  556        1230 
  557        1232 
  558        1307 
  559        1246 
  560        1308 
  561        1207 
  562        1186 
  563        1279 
  564        1184 
  565        1241 
  566        1229 
  567        1230 
  568        1165 
  569        1232 
  570        1175 
  571        1149 
  572        1249 
  573        1240 
  574        1225 
  575        1226 
  576        1175 
  577        1181 
  578        1243 
  579        1188 
  580        1210 
  581        1212 
  582        1183 
  583        1232 
  584        1307 
  585        1171 
  586        1279 
  587        1209 
  588        1271 
  589        1270 
  590        1238 
  591        1192 
  592        1201 
  593        1235 
  594        1207 
  595        1243 
  596        1241 
  597        1256 
  598        1244 
  599        1220 
  600        1228 
  601        1254 
  602        1261 
  603        1240 
  604        1230 
  605        1264 
  606        1239 
  607        1241 
  608        1283 
  609        1211 
  610        1249 
  611        1223 
  612        1223 
  613        1240 
  614        1248 
  615        1223 
  616        1206 
  617        1258 
  618        1181 
  619        1250 
  620        1163 
  621        1176 
  622        1181 
  623        1181 
  624        1249 
  625        1208 
  626        1243 
  627        1275 
  628        1231 
  629        1233 
  630        1236 
  631        1211 
  632        1202 
  633        1226 
  634        1273 
  635        1176 
  636        1171 
  637        1294 
  638        1236 
  639        1236 
  640        1217 
  641        1255 
  642        1292 
  643        1200 
  644        1232 
  645        1230 
  646        1285 
  647        1261 
  648        1220 
  649        1179 
  650        1203 
  651        1210 
  652        1205 
  653        1176 
  654        1245 
  655        1302 
  656        1221 
  657        1236 
  658        1273 
  659        1213 
  660        1225 
  661        1182 
  662        1239 
  663        1235 
  664        1220 
  665        1233 
  666        1256 
  667        1231 
  668        1297 
  669        1203 
  670        1220 
  671        1220 
  672        1217 
  673        1257 
  674        1257 
  675        1243 
  676        1249 
  677        1270 
  678        1251 
  679        1209 
  680        1249 
  681        1207 
  682        1279 
  683        1221 
  684        1214 
  685        1271 
  686        1188 
  687        1205 
  688        1188 
  689        1198 
  690        1212 
  691        1217 
  692        1275 
  693        1233 
  694        1184 
  695        1240 
  696        1272 
  697        1194 
  698        1240 
  699        1228 
  700        1241 
  701        1294 
  702        1298 
  703        1232 
  704        1300 
  705        1244 
  706        1179 
  707        1221 
  708        1237 
  709        1257 
  710        1251 
  711        1271 
  712        1236 
  713        1280 
  714        1266 
  715        1259 
  716        1197 
  717        1198 
  718        1227 
  719        1268 
  720        1222 
  721        1227 
  722        1231 
  723        1187 
  724        1231 
  725        1319 
  726        1213 
  727        1269 
  728        1237 
  729        1167 
  730        1197 
  731        1254 
  732        1251 
  733        1211 
  734        1150 
  735        1222 
  736        1189 
  737        1251 
  738        1188 
  739        1296 
  740        1247 
  741        1204 
  742        1235 
  743        1210 
  744        1271 
  745        1231 
  746        1188 
  747        1216 
  748        1289 
  749        1228 
  750        1214 
  751        1209 
  752        1236 
  753        1245 
  754        1254 
  755        1214 
  756        1149 
  757        1185 
  758        1140 
  759        1172 
  760        1110 
  761        1138 
  762        1115 
  763        1040 
  764         991 
  765        1006 
  766        1034 
  767        1151 
  768        1179 
  769        1209 
  770        1146 
  771        1214 
  772        1218 
  773        1201 
  774        1190 
  775        1191 
  776        1232 
  777        1186 
  778        1235 
  779        1251 
  780        1258 
  781        1168 
  782        1298 
  783        1229 
  784        1271 
  785        1215 
  786        1234 
  787        1178 
  788        1241 
  789        1240 
  790        1272 
  791        1227 
  792        1249 
  793        1286 
  794        1202 
  795        1231 
  796        1185 
  797        1213 
  798        1249 
  799        1285 
  800        1242 
  801        1228 
  802        1226 
  803        1185 
  804        1197 
  805        1192 
  806        1118 
  807        1215 
  808        1223 
  809        1166 
  810        1222 
  811        1227 
  812        1160 
  813        1156 
  814        1187 
  815        1159 
  816        1137 
  817        1054 
  818        1026 
  819         951 
  820        1021 
  821        1040 
  822        1142 
  823        1118 
  824        1159 
  825        1246 
  826        1150 
  827        1201 
  828        1156 
  829        1262 
  830        1193 
  831        1243 
  832        1205 
  833        1216 
  834        1226 
  835        1225 
  836        1242 
  837        1226 
  838        1199 
  839        1229 
  840        1205 
  841        1239 
  842        1195 
  843        1228 
  844        1236 
  845        1173 
  846        1179 
  847        1263 
  848        1245 
  849        1219 
  850        1225 
  851        1271 
  852        1224 
  853        1234 
  854        1305 
  855        1240 
  856        1240 
  857        1245 
  858        1228 
  859        1247 
  860        1201 
  861        1269 
  862        1189 
  863        1224 
  864        1230 
  865        1261 
  866        1229 
  867        1243 
  868        1230 
  869        1210 
  870        1184 
  871        1206 
  872        1234 
  873        1199 
  874        1235 
  875        1234 
  876        1231 
  877        1263 
  878        1227 
  879        1194 
  880        1192 
  881        1259 
  882        1240 
  883        1203 
  884        1272 
  885        1208 
  886        1211 
  887        1238 
  888        1257 
  889        1241 
  890        1234 
  891        1246 
  892        1235 
  893        1229 
  894        1182 
  895        1248 
  896        1203 
  897        1228 
  898        1222 
  899        1203 
  900        1209 
  901        1227 
  902        1256 
  903        1287 
  904        1244 
  905        1247 
  906        1232 
  907        1216 
  908        1262 
  909        1257 
  910        1292 
  911        1263 
  912        1242 
  913        1216 
  914        1199 
  915        1213 
  916        1177 
  917        1243 
  918        1282 
  919        1226 
  920        1278 
  921        1194 
  922        1219 
  923        1222 
  924        1250 
  925        1206 
  926        1237 
  927        1250 
  928        1227 
  929        1165 
  930        1309 
  931        1224 
  932        1288 
  933        1184 
  934        1214 
  935        1268 
  936        1194 
  937        1200 
  938        1225 
  939        1239 
  940        1233 
  941        1230 
  942        1239 
  943        1176 
  944        1306 
  945        1208 
  946        1272 
  947        1219 
  948        1206 
  949        1260 
  950        1231 
  951        1295 
  952        1264 
  953        1253 
  954        1200 
  955        1214 
  956        1226 
  957        1234 
  958        1253 
  959        1250 
  960        1235 
  961        1178 
  962        1250 
  963        1236 
  964        1241 
  965        1209 
  966        1226 
  967        1289 
  968        1210 
  969        1281 
  970        1214 
  971        1265 
  972        1210 
  973        1221 
  974        1300 
  975        1197 
  976        1268 
  977        1208 
  978        1223 
  979        1224 
  980        1278 
  981        1232 
  982        1273 
  983        1247 
  984        1240 
  985        1247 
  986        1278 
  987        1228 
  988        1245 
  989        1223 
  990        1223 
  991        1245 
  992        1190 
  993        1225 
  994        1290 
  995        1238 
  996        1199 
  997        1239 
  998        1198 
  999        1263 
 1000        1197 
 1001        1244 
 1002        1220 
 1003        1233 
 1004        1192 
 1005        1260 
 1006        1224 
 1007        1216 
 1008        1261 
 1009        1289 
 1010        1235 
 1011        1260 
 1012        1199 
 1013        1243 
 1014        1204 
 1015        1259 
 1016        1248 
 1017        1179 
 1018        1217 
 1019        1215 
 1020        1239 
 1021        1297 
 1022        1250 
 1023        1275 
 1024        1288 
