    1       65179 
    2       65007 
    3       64680 
    4       64454 
    5       64437 
    6       64323 
    7       64473 
    8       63704 
    9       63901 
   10       64219 
   11       64321 
   12       64703 
   13       64979 
   14       63642 
   15       64324 
   16       64898 
   17       64492 
   18       63731 
   19       64598 
   20       64231 
   21       63873 
   22       64429 
   23       64665 
   24       64651 
   25       64384 
   26       64825 
   27       64759 
   28       64619 
   29       63718 
   30       64283 
   31       64590 
   32       64475 
   33       64690 
   34       64647 
   35       64359 
   36       64227 
   37       64672 
   38       65282 
   39       65260 
   40       64971 
   41       64922 
   42       64031 
   43       64428 
   44       64314 
   45       64512 
   46       64907 
   47       64667 
   48       64884 
   49       64502 
   50       64561 
   51       64947 
   52       64066 
   53       64076 
   54       64325 
   55       63975 
   56       64767 
   57       63912 
   58       64318 
   59       64371 
   60       64469 
   61       64903 
   62       64166 
   63       64716 
   64       65022 
   65       64667 
   66       65348 
   67       64498 
   68       64753 
   69       64879 
   70       64494 
   71       64451 
   72       64260 
   73       64112 
   74       64160 
   75       64746 
   76       65432 
   77       65102 
   78       64527 
   79       64869 
   80       64547 
   81       64513 
   82       64194 
   83       63808 
   84       64462 
   85       64434 
   86       64517 
   87       65419 
   88       64717 
   89       64676 
   90       64596 
   91       64752 
   92       64878 
   93       64455 
   94       64103 
   95       64107 
   96       64353 
   97       64656 
   98       64485 
   99       64222 
  100       64659 
  101       64589 
  102       64447 
  103       64914 
  104       65155 
  105       64881 
  106       65055 
  107       64261 
  108       64429 
  109       63894 
  110       64474 
  111       64544 
  112       64706 
  113       64218 
  114       65350 
  115       64401 
  116       64719 
  117       64731 
  118       64389 
  119       64429 
  120       65244 
  121       64825 
  122       64707 
  123       63949 
  124       63999 
  125       64657 
  126       64412 
  127       64199 
  128       63554 
  129       64635 
  130       64594 
  131       64465 
  132       65118 
  133       65053 
  134       64251 
  135       64505 
  136       63966 
  137       64746 
  138       65249 
  139       64934 
  140       64966 
  141       64856 
  142       64512 
  143       64125 
  144       64289 
  145       64607 
  146       64257 
  147       64336 
  148       64455 
  149       64055 
  150       64694 
  151       64424 
  152       64519 
  153       64538 
  154       65057 
  155       64458 
  156       63897 
  157       64355 
  158       64726 
  159       64732 
  160       64760 
  161       64496 
  162       64974 
  163       65002 
  164       64139 
  165       64274 
  166       64603 
  167       64898 
  168       64820 
  169       64372 
  170       64357 
  171       65031 
  172       64728 
  173       64207 
  174       64425 
  175       64832 
  176       64354 
  177       64146 
  178       64893 
  179       64300 
  180       63962 
  181       64263 
  182       64501 
  183       64118 
  184       64780 
  185       64663 
  186       64248 
  187       65086 
  188       64829 
  189       64986 
  190       63986 
  191       64087 
  192       64344 
  193       63979 
  194       64308 
  195       64542 
  196       64594 
  197       64608 
  198       64531 
  199       64682 
  200       64162 
  201       64887 
  202       65434 
  203       64724 
  204       65450 
  205       64778 
  206       65149 
  207       64420 
  208       64680 
  209       64242 
  210       64891 
  211       64578 
  212       64964 
  213       64846 
  214       64395 
  215       64667 
  216       64988 
  217       65204 
  218       64485 
  219       65018 
  220       64403 
  221       63746 
  222       64622 
  223       64384 
  224       63992 
  225       64549 
  226       64041 
  227       64113 
  228       65140 
  229       64836 
  230       64848 
  231       64819 
  232       64775 
  233       64078 
  234       64802 
  235       64644 
  236       64368 
  237       64175 
  238       64638 
  239       64499 
  240       64138 
  241       64410 
  242       64330 
  243       64007 
  244       64085 
  245       63926 
  246       65019 
  247       64724 
  248       63731 
  249       64369 
  250       64523 
  251       64548 
  252       64155 
  253       63427 
  254       64438 
  255       64741 
  256       63432 
  257       63881 
  258       64204 
  259       63306 
  260       63012 
  261       63514 
  262       62632 
  263       62584 
  264       62822 
  265       63128 
  266       63326 
  267       63899 
  268       64111 
  269       64240 
  270       64411 
  271       63939 
  272       63847 
  273       64696 
  274       64966 
  275       64457 
  276       64192 
  277       64663 
  278       64798 
  279       65216 
  280       64651 
  281       64203 
  282       64621 
  283       63757 
  284       64234 
  285       63967 
  286       64099 
  287       64490 
  288       64183 
  289       64082 
  290       64347 
  291       64677 
  292       65136 
  293       64318 
  294       64671 
  295       64423 
  296       64490 
  297       64403 
  298       64685 
  299       64975 
  300       65213 
  301       64887 
  302       65259 
  303       64408 
  304       64274 
  305       65026 
  306       64226 
  307       64433 
  308       64374 
  309       64216 
  310       64779 
  311       64436 
  312       64842 
  313       64169 
  314       64627 
  315       64976 
  316       64319 
  317       64257 
  318       64537 
  319       64645 
  320       64490 
  321       64100 
  322       64583 
  323       64220 
  324       63999 
  325       64438 
  326       64324 
  327       64684 
  328       65208 
  329       65319 
  330       65129 
  331       64781 
  332       64589 
  333       64983 
  334       64683 
  335       64679 
  336       65196 
  337       64857 
  338       64365 
  339       63637 
  340       64692 
  341       64693 
  342       65108 
  343       64638 
  344       65220 
  345       64647 
  346       64035 
  347       64664 
  348       64390 
  349       65034 
  350       64197 
  351       64610 
  352       64965 
  353       64431 
  354       64179 
  355       63985 
  356       64779 
  357       64458 
  358       65243 
  359       64859 
  360       64112 
  361       63999 
  362       63536 
  363       64784 
  364       64967 
  365       64182 
  366       64912 
  367       64312 
  368       65227 
  369       64227 
  370       64608 
  371       64887 
  372       64485 
  373       64236 
  374       64249 
  375       64749 
  376       64671 
  377       64382 
  378       64203 
  379       64684 
  380       64554 
  381       63754 
  382       64076 
  383       64382 
  384       64690 
  385       64512 
  386       64019 
  387       64666 
  388       64330 
  389       64420 
  390       64574 
  391       64019 
  392       64570 
  393       64957 
  394       65747 
  395       64486 
  396       64249 
  397       64523 
  398       65263 
  399       64953 
  400       64103 
  401       64881 
  402       65216 
  403       65111 
  404       64633 
  405       64752 
  406       64055 
  407       64012 
  408       64355 
  409       64053 
  410       64128 
  411       64536 
  412       65144 
  413       64121 
  414       64151 
  415       65033 
  416       64597 
  417       64326 
  418       64216 
  419       65145 
  420       65013 
  421       64526 
  422       64458 
  423       64745 
  424       63985 
  425       63911 
  426       64608 
  427       64815 
  428       64655 
  429       64391 
  430       64188 
  431       64613 
  432       64915 
  433       64809 
  434       64571 
  435       64819 
  436       64479 
  437       64382 
  438       64327 
  439       64715 
  440       64519 
  441       64471 
  442       64358 
  443       64392 
  444       64278 
  445       64497 
  446       64547 
  447       64604 
  448       64745 
  449       64347 
  450       63901 
  451       64059 
  452       63972 
  453       64870 
  454       64474 
  455       64099 
  456       64438 
  457       63971 
  458       64457 
  459       64260 
  460       64615 
  461       64587 
  462       64268 
  463       64535 
  464       65249 
  465       64422 
  466       64472 
  467       64540 
  468       65117 
  469       63828 
  470       64422 
  471       64761 
  472       64327 
  473       64067 
  474       64911 
  475       64076 
  476       63878 
  477       64267 
  478       64475 
  479       64435 
  480       64844 
  481       64992 
  482       63874 
  483       64116 
  484       64868 
  485       64688 
  486       64918 
  487       65097 
  488       64365 
  489       64554 
  490       64399 
  491       64878 
  492       64652 
  493       63811 
  494       64096 
  495       64744 
  496       64941 
  497       63757 
  498       64388 
  499       64432 
  500       64777 
  501       64198 
  502       65046 
  503       64701 
  504       64128 
  505       64392 
  506       64601 
  507       64189 
  508       64737 
  509       64778 
  510       64878 
  511       64704 
  512       64960 
  513       63948 
  514       64865 
  515       64884 
  516       64761 
  517       64149 
  518       64036 
  519       64491 
  520       64908 
  521       64510 
  522       64085 
  523       64004 
  524       64584 
  525       64308 
  526       64158 
  527       63782 
  528       64569 
  529       65201 
  530       64886 
  531       64363 
  532       64485 
  533       64668 
  534       64425 
  535       64758 
  536       64824 
  537       64997 
  538       64612 
  539       64583 
  540       64040 
  541       64291 
  542       65227 
  543       64495 
  544       64172 
  545       64570 
  546       64558 
  547       64693 
  548       63797 
  549       64538 
  550       65035 
  551       64334 
  552       64396 
  553       64127 
  554       64158 
  555       64424 
  556       64614 
  557       64410 
  558       64215 
  559       64202 
  560       64333 
  561       64245 
  562       64854 
  563       64121 
  564       64864 
  565       64191 
  566       64171 
  567       64549 
  568       64923 
  569       65078 
  570       65005 
  571       64443 
  572       64371 
  573       64413 
  574       64219 
  575       64156 
  576       64056 
  577       64995 
  578       64977 
  579       64283 
  580       64305 
  581       63703 
  582       63970 
  583       64601 
  584       64454 
  585       64018 
  586       64293 
  587       64676 
  588       64291 
  589       64728 
  590       64210 
  591       63902 
  592       64437 
  593       64448 
  594       64838 
  595       65097 
  596       63803 
  597       64192 
  598       64488 
  599       64857 
  600       64672 
  601       65223 
  602       64923 
  603       64995 
  604       64447 
  605       64308 
  606       64491 
  607       65098 
  608       63766 
  609       64355 
  610       64528 
  611       64089 
  612       63977 
  613       64325 
  614       64802 
  615       64497 
  616       63995 
  617       64577 
  618       64633 
  619       64603 
  620       64180 
  621       64166 
  622       64130 
  623       64825 
  624       64091 
  625       64306 
  626       64629 
  627       65052 
  628       64763 
  629       64205 
  630       64339 
  631       64500 
  632       64563 
  633       64755 
  634       64803 
  635       64068 
  636       64117 
  637       64560 
  638       64639 
  639       64342 
  640       64161 
  641       64095 
  642       65164 
  643       64287 
  644       64397 
  645       63602 
  646       64013 
  647       64819 
  648       64430 
  649       64290 
  650       64752 
  651       64163 
  652       64522 
  653       64513 
  654       64410 
  655       64692 
  656       63985 
  657       64171 
  658       64026 
  659       65026 
  660       64501 
  661       64624 
  662       63657 
  663       64584 
  664       64580 
  665       64713 
  666       64392 
  667       64883 
  668       64374 
  669       64465 
  670       64719 
  671       64015 
  672       64727 
  673       64765 
  674       64542 
  675       64755 
  676       64688 
  677       64667 
  678       64134 
  679       64222 
  680       64060 
  681       64946 
  682       64336 
  683       64479 
  684       63862 
  685       64081 
  686       64237 
  687       64110 
  688       64660 
  689       63869 
  690       64603 
  691       64628 
  692       64709 
  693       64539 
  694       64313 
  695       64345 
  696       64313 
  697       63965 
  698       64568 
  699       64400 
  700       64528 
  701       64749 
  702       64489 
  703       64700 
  704       64998 
  705       63946 
  706       64170 
  707       64669 
  708       64339 
  709       64521 
  710       64781 
  711       64203 
  712       64203 
  713       64555 
  714       63634 
  715       64383 
  716       64473 
  717       64245 
  718       64198 
  719       63668 
  720       63837 
  721       63987 
  722       64920 
  723       64431 
  724       63967 
  725       64521 
  726       64558 
  727       64141 
  728       64536 
  729       64743 
  730       64868 
  731       64559 
  732       65207 
  733       64251 
  734       64667 
  735       64938 
  736       63926 
  737       63729 
  738       64489 
  739       65282 
  740       64543 
  741       63734 
  742       64593 
  743       64798 
  744       64130 
  745       64185 
  746       64332 
  747       64795 
  748       64688 
  749       64516 
  750       64118 
  751       64029 
  752       63945 
  753       64435 
  754       64213 
  755       63903 
  756       63511 
  757       63836 
  758       63616 
  759       63650 
  760       63666 
  761       62895 
  762       63399 
  763       63128 
  764       63204 
  765       62988 
  766       62895 
  767       62669 
  768       63596 
  769       63666 
  770       64083 
  771       64345 
  772       64037 
  773       63917 
  774       64433 
  775       63778 
  776       64221 
  777       64114 
  778       64419 
  779       64311 
  780       64335 
  781       64174 
  782       63944 
  783       64237 
  784       64086 
  785       63971 
  786       64325 
  787       63873 
  788       64558 
  789       64411 
  790       64459 
  791       65277 
  792       65208 
  793       64054 
  794       63747 
  795       64208 
  796       64266 
  797       64432 
  798       64596 
  799       63761 
  800       64148 
  801       64521 
  802       64823 
  803       65009 
  804       64775 
  805       64118 
  806       64022 
  807       63866 
  808       64567 
  809       64621 
  810       64419 
  811       63950 
  812       63736 
  813       64462 
  814       64954 
  815       64662 
  816       64563 
  817       64480 
  818       63993 
  819       64388 
  820       64034 
  821       64355 
  822       64695 
  823       64569 
  824       64428 
  825       64489 
  826       64296 
  827       64670 
  828       64449 
  829       65015 
  830       64535 
  831       64250 
  832       64159 
  833       65187 
  834       64734 
  835       64543 
  836       64520 
  837       64657 
  838       64861 
  839       64293 
  840       64701 
  841       64085 
  842       64808 
  843       64083 
  844       64120 
  845       63852 
  846       64137 
  847       63835 
  848       63860 
  849       64241 
  850       64458 
  851       64450 
  852       64871 
  853       64444 
  854       64014 
  855       64590 
  856       64337 
  857       64610 
  858       64717 
  859       64883 
  860       64477 
  861       64680 
  862       64530 
  863       63860 
  864       64381 
  865       64490 
  866       64225 
  867       64365 
  868       64319 
  869       64207 
  870       64282 
  871       63953 
  872       64421 
  873       63521 
  874       64572 
  875       64842 
  876       63924 
  877       64181 
  878       64481 
  879       64475 
  880       64875 
  881       64522 
  882       64465 
  883       64437 
  884       64207 
  885       63328 
  886       63942 
  887       64639 
  888       64362 
  889       64488 
  890       63949 
  891       64161 
  892       64218 
  893       64425 
  894       65369 
  895       64511 
  896       65289 
  897       64798 
  898       64506 
  899       64268 
  900       64413 
  901       64390 
  902       64333 
  903       64487 
  904       64214 
  905       64577 
  906       63910 
  907       65177 
  908       64207 
  909       64482 
  910       64690 
  911       63922 
  912       64183 
  913       64550 
  914       64254 
  915       64417 
  916       64166 
  917       63899 
  918       64315 
  919       64408 
  920       64087 
  921       64230 
  922       64974 
  923       63938 
  924       64479 
  925       64926 
  926       64287 
  927       64498 
  928       64597 
  929       64088 
  930       64385 
  931       65056 
  932       64947 
  933       64430 
  934       65017 
  935       64785 
  936       65422 
  937       64323 
  938       64233 
  939       65022 
  940       64591 
  941       64138 
  942       64136 
  943       64435 
  944       65146 
  945       64252 
  946       64650 
  947       64159 
  948       64422 
  949       64625 
  950       64772 
  951       64548 
  952       63974 
  953       64544 
  954       64856 
  955       64333 
  956       64294 
  957       64424 
  958       64627 
  959       64559 
  960       64241 
  961       64337 
  962       64551 
  963       64593 
  964       64683 
  965       64251 
  966       63920 
  967       64077 
  968       65194 
  969       64243 
  970       64225 
  971       64878 
  972       65002 
  973       65184 
  974       64096 
  975       64406 
  976       64484 
  977       64283 
  978       63829 
  979       64513 
  980       63969 
  981       63189 
  982       64164 
  983       64394 
  984       63681 
  985       64404 
  986       64757 
  987       64652 
  988       64578 
  989       64324 
  990       64004 
  991       65043 
  992       64984 
  993       64349 
  994       65006 
  995       64732 
  996       64067 
  997       64756 
  998       65491 
  999       65013 
 1000       64514 
 1001       64648 
 1002       64958 
 1003       64633 
 1004       64718 
 1005       64376 
 1006       64172 
 1007       64067 
 1008       64691 
 1009       64890 
 1010       64444 
 1011       64357 
 1012       64203 
 1013       64845 
 1014       64527 
 1015       64445 
 1016       64526 
 1017       64115 
 1018       64540 
 1019       64281 
 1020       64311 
 1021       64639 
 1022       65317 
 1023       65305 
 1024       65326 
