# T mu = sigma * |R_hall| mu_err
93.0 0.6691931034482759 0.026390228108577614
103.0 0.7618577777777775 0.030043059607487065
113.0 0.8276774969915763 0.032638404398735076
123.0 0.8664671717171716 0.03416899865439013
133.0 0.8738046272493571 0.03446092857585198
143.0 0.8531847133757962 0.03365148490367357
153.0 0.8101037037037038 0.03195720036107377
163.0 0.7568520710059172 0.029862578859502012
173.0 0.6914893617021276 0.02729171558012067
183.0 0.6317951425554381 0.024942832171562648
193.0 0.5801955867602808 0.022913277519688444
203.0 0.5216054613935971 0.020608883973606742
213.0 0.47395008912655956 0.018734867116857994
223.0 0.43716183986371376 0.017288350335959303
233.0 0.39932386363636363 0.015801057600695743
243.0 0.37085680751173705 0.014682693082638431
253.0 0.33738653555219367 0.013370779591067188
263.0 0.3087142857142857 0.012253552765451758
273.0 0.271823064770932 0.010835793932733723
283.0 0.230628242074928 0.009332283447013881
293.0 0.19396805896805897 0.008139270207557543
303.0 0.17195000000000002 0.007790377449405469
313.0 0.15158595641646488 0.008200042983461798
323.0 0.1362304250559284 0.007467537436866737
333.0 0.12634138972809664 0.0086077806079671
343.0 0.11803030303030303 0.01109245547288987
353.0 0.11233750000000002 0.015202682132863611
363.0 0.1069181818181818 0.021573086221705434
373.0 0.10317441860465117 0.02736676350680638
383.0 0.09831746031746032 0.03714632601202922
393.0 0.09338297872340424 0.04965661827515731
403.0 0.09130555555555554 0.06475117130994908
413.0 0.08517241379310345 0.08032505716614162
423.0 0.08178260869565217 0.1012411841131178
