375.553131104	-24.468137668
375.850677490	-23.966955073
374.362945557	-24.497580450
372.776031494	-24.508869365
371.982574463	-24.449644076
370.147705078	-24.205812957
368.263244629	-24.581729642
366.329193115	-24.613994865
364.395141602	-24.000073685
362.560272217	-24.411679877
360.527038574	-24.541753452
358.890533447	-23.968206031
356.857299805	-24.153198224
354.873657227	-24.278636858
352.691650391	-24.137718258
350.708007812	-23.978834177
348.476409912	-24.062040909
347.038269043	-24.390375723
344.806671143	-23.987406551
342.376708984	-23.961819157
340.045928955	-24.557569025
338.012695312	-24.176781208
335.384368896	-24.052079531
334.690093994	-24.522360140
331.813812256	-24.419470218
329.582214355	-24.245112616
326.854705811	-24.650101351
324.871063232	-24.667043094
322.589874268	-24.320627968
321.201324463	-24.617475937
318.225860596	-24.778131630
316.936492920	-24.250980767
314.308166504	-24.524185387
312.126159668	-24.672516105
309.646606445	-24.920377006
308.456420898	-24.392943708
305.233001709	-24.505939495
303.894042969	-24.775544284
300.472259521	-24.429553188
298.290252686	-24.417285160
296.009063721	-24.836354066
294.273376465	-24.599789569
291.347503662	-24.514324207
289.562225342	-24.950838697
286.338806152	-24.827209317
284.355163574	-24.709587068
282.272338867	-24.461809446
279.346466064	-24.976635829
278.354644775	-24.942271698
276.073455811	-24.608110990
272.354125977	-24.940440686
270.023345947	-24.977839010
268.436431885	-24.519013949
266.204833984	-24.809190514
263.774871826	-24.894130096
262.138366699	-24.643963376
259.609222412	-24.657478453
256.683349609	-24.738542391
254.848480225	-25.026221141
252.567291260	-24.664336941
250.038146973	-24.718912754
247.756958008	-24.976986379
245.624542236	-24.745239732
242.500305176	-24.730696508
240.566253662	-24.863819944
238.830566406	-24.930211008
235.805511475	-24.856440055
233.871459961	-24.945713288
231.590270996	-25.008036913
228.813171387	-24.969253497
226.383209229	-24.818978215
224.151611328	-25.023176853
222.118377686	-25.075630268
219.093322754	-24.930556344
217.109680176	-25.070288450
214.282989502	-25.134610940
212.448120117	-25.084952552
209.522247314	-25.112664480
206.893920898	-25.160108617
205.406188965	-25.184633168
202.629089355	-25.161098670
200.546264648	-25.135841511
198.215484619	-25.134640415
195.041656494	-25.141461318
192.760467529	-25.125785041
191.619873047	-25.111049881
188.793182373	-25.134548131
186.016082764	-25.156271558
183.040618896	-25.156373679
182.147979736	-25.187690576
179.420471191	-25.227677191
176.494598389	-25.196357801
174.015045166	-25.198154481
171.287536621	-25.229249218
169.105529785	-25.347466176
166.725158691	-25.242243620
163.501739502	-25.240187383
161.914825439	-25.452199210
159.435272217	-25.310029115
156.707763672	-25.247157307
154.228210449	-25.268328103
152.095794678	-25.430302460
149.219512939	-25.380704382
147.285461426	-25.379535020
144.458770752	-25.511130963
141.929626465	-25.467110803
139.896392822	-25.152460775
136.871337891	-25.472371871
133.895874023	-25.494708941
132.110595703	-25.106160134
130.176544189	-25.353312061
127.151489258	-25.470991939
125.118255615	-25.502054229
122.837066650	-25.238633984
120.059967041	-25.360088658
117.877960205	-25.357912117
115.695953369	-25.140066760
112.720489502	-25.208813104
109.695434570	-25.667555169
108.009338379	-25.230622312
105.281829834	-25.212524502
103.347778320	-25.839730236
100.570678711	-25.549554797
97.545623779	-25.406467725
95.710754395	-25.400284369
93.627929688	-25.832402302
90.305328369	-25.730385284
88.569641113	-25.736242703
86.238861084	-25.993632343
82.817077637	-25.980368987
80.783843994	-25.472499281
78.453063965	-25.942446261
75.626373291	-26.006417557
73.543548584	-25.407792666
71.609497070	-25.717357508
68.088531494	-25.858295003
65.708160400	-25.927257629
63.873291016	-25.467691277
60.798645020	-25.623689297
59.162139893	-25.758617167
56.037902832	-25.425811825
53.558349609	-25.475870184
50.880432129	-25.983358717
48.847198486	-25.636773101
45.772552490	-25.564958983
43.888092041	-26.162644349
41.458129883	-25.947299424
38.234710693	-25.827121375
36.350250244	-25.626068520
33.920288086	-26.247580579
30.548095703	-26.195451779
29.407501221	-25.951341748
26.432037354	-26.322742187
22.960662842	-26.330698566
21.522521973	-25.792251000
19.340515137	-26.241388640
15.819549561	-26.354574369
13.736724854	-25.893649753
11.257171631	-26.069075486
7.686614990	-26.291403819
6.050109863	-26.599568336
4.512786865	-26.160504168
1.487731934	-25.907925214
-0.049591064	-26.678001898
-3.074645996	-26.382074466
-5.950927734	-26.408848511
-7.736206055	-26.735317329
-9.819030762	-26.659967630
-12.348175049	-26.620442701
-15.670776367	-27.060870676
-17.753601074	-27.038072838
-20.233154297	-27.074996342
-23.059844971	-27.136904410
-25.043487549	-27.448944878
-27.870178223	-27.543962733
-30.448913574	-27.349481356
-33.374786377	-27.708850194
-35.903930664	-27.864954605
-37.937164307	-27.670464646
-40.367126465	-27.934669459
-43.590545654	-28.130388101
-44.879913330	-28.149550531
-48.103332520	-28.241601921
-51.029205322	-28.470033723
-52.864074707	-28.726248057
-55.889129639	-28.754058081
-57.872772217	-28.970710810
-60.352325439	-29.289213922
-63.228607178	-29.356955561
-66.352844238	-29.494537574
-68.237304688	-29.732638945
-71.163177490	-29.864807465
-73.146820068	-30.035506519
-76.072692871	-30.158203175
-78.304290771	-30.379638054
-81.329345703	-30.567300178
-83.412170410	-30.668598210
-85.395812988	-30.854381836
-88.420867920	-31.065842813
-90.652465820	-31.235345631
-93.280792236	-31.361642333
-96.305847168	-31.543797585
-98.537445068	-31.805585031
-101.016998291	-31.893884484
-103.248596191	-31.994988772
-105.480194092	-32.154022040
-108.257293701	-32.236476154
-111.282348633	-32.288232023
-113.712310791	-32.267168719
-116.489410400	-32.551634217
-119.514465332	-32.668317185
-120.803833008	-32.452202719
-123.531341553	-32.665730340
-126.655578613	-32.782832115
-128.688812256	-32.657696104
-131.366729736	-32.815140216
-133.697509766	-33.027135130
-136.722564697	-33.024226394
-138.259887695	-32.885271907
-141.086578369	-32.927409022
-143.863677979	-33.212936092
-145.401000977	-32.827394586
-149.566650391	-32.814975831
-151.004791260	-33.260093667
-153.533935547	-32.954907182
-156.261444092	-32.847271642
-158.740997314	-32.878276240
-160.575866699	-33.044605806
-163.551330566	-32.988656854
-166.328430176	-33.185410108
-168.113708496	-33.425615334
-171.733856201	-33.301684361
-173.866271973	-32.874829832
-175.354003906	-33.409160619
-178.676605225	-33.511494080
-181.156158447	-32.922806848
-182.941436768	-33.306327392
-185.768127441	-33.445636035
-188.892364502	-33.403656264
-190.826416016	-33.144670234
-193.603515625	-33.293488580
-195.835113525	-33.228135651
-198.364257812	-33.075987232
-201.141357422	-33.205488758
-203.769683838	-33.668601456
-205.455780029	-33.186503311
-208.877563477	-33.146077184
-210.861206055	-33.722700220
-213.291168213	-33.344657713
-216.316223145	-33.219555039
-218.647003174	-33.192989156
-221.176147461	-33.403815298
-223.754882812	-33.278324486
-225.788116455	-33.305842026
-228.713989258	-33.563164466
-230.548858643	-33.586785592
-233.375549316	-33.278392772
-235.805511475	-33.971526598
-238.632202148	-33.988971412
-241.210937500	-33.344099023
-243.541717529	-33.565147376
-246.070861816	-33.638130301
-248.401641846	-33.649970575
-251.029968262	-33.305418836
-253.906250000	-33.401941654
-255.245208740	-33.491125146
-258.518218994	-33.257804666
-261.940002441	-33.295484089
-263.378143311	-33.730110615
-265.708923340	-33.299189371
-268.932342529	-33.224416001
-270.370483398	-33.809244345
-273.643493652	-33.662474155
-276.569366455	-33.484764045
-278.602600098	-33.407761034
-280.635833740	-33.801693414
-282.817840576	-33.739879768
-285.743713379	-33.614809864
-288.421630859	-33.962585974
-291.049957275	-33.979383605
-292.934417725	-33.687846035
-296.108245850	-33.960892846
-298.637390137	-34.010635294
-300.273895264	-33.670416209
-303.150177002	-33.733168727
-305.976867676	-33.915044322
-308.456420898	-33.929560276
-310.935974121	-33.988242084
-312.324523926	-33.667207794
-315.448760986	-33.758190674
-317.630767822	-33.768703687
-319.664001465	-33.669372659
-322.689056396	-33.628553048
-325.366973877	-33.701436667
-326.854705811	-33.816972643
-330.177307129	-33.748314461
-333.400726318	-33.659544876
-334.442138672	-33.901763047
-337.070465088	-33.780419378
-340.541839600	-33.732986938
-345.848083496	-34.030067672
-345.104217529	-34.061894105
-344.261169434	-33.976813056
-343.070983887	-34.003772680
-341.831207275	-34.016186205
-339.649200439	-33.837004402
-338.211059570	-33.750114724
-335.781097412	-33.725699080
-333.599090576	-33.925928918
-332.904815674	-33.786568502
-330.821990967	-33.834096165
-329.681396484	-33.988530240
-326.656341553	-33.668945011
-323.780059814	-33.462587476
-322.441101074	-33.666114741
-321.102142334	-33.706026296
-318.870544434	-33.620635314
-316.589355469	-33.785154313
-314.655303955	-33.865307817
-312.820434570	-33.737331050
-310.241699219	-34.098956574
-308.158874512	-34.217208552
-306.919097900	-33.900211290
-304.389953613	-33.997653532
-302.059173584	-34.054094725
-300.025939941	-33.762800008
-298.835754395	-33.768219255
-295.562744141	-33.885226162
-293.727874756	-33.929546466
-291.198730469	-33.690643561
-288.867950439	-33.733124386
-287.479400635	-33.971470047
-285.049438477	-33.648240441
-283.016204834	-33.584607395
-280.735015869	-34.114575778
-278.057098389	-33.847522000
-275.974273682	-33.733165469
-274.089813232	-34.118696401
-271.461486816	-34.063721200
-269.130706787	-33.912554811
-267.395019531	-33.791600929
-264.369964600	-34.059215967
-261.295318604	-33.987906381
-260.353088379	-33.512717551
-258.270263672	-33.885984045
-254.699707031	-33.870620324
-253.013610840	-33.288796701
-251.426696777	-33.691765220
-247.905731201	-33.848077112
-246.219635010	-33.475370658
-243.938446045	-33.351830187
-241.210937500	-33.432130687
-239.128112793	-33.497097606
-237.342834473	-33.353089085
-234.714508057	-33.457254533
-232.830047607	-33.947320554
-230.102539062	-33.581250284
-228.118896484	-33.451012476
-226.036071777	-33.886033144
-223.308563232	-33.586933274
-220.630645752	-33.471075350
-218.448638916	-33.698506832
-216.217041016	-33.715110692
-213.588714600	-33.495687283
-212.398529053	-33.241872079
-208.629608154	-33.451010904
-206.050872803	-33.328901693
-204.612731934	-32.856081293
-202.629089355	-33.311442680
-199.951171875	-33.414442871
-197.818756104	-32.943855822
-195.140838623	-33.094891251
-192.562103271	-33.242988409
-190.479278564	-33.037687518
-188.396453857	-33.050443916
-184.875488281	-33.167069428
-183.338165283	-33.366890653
-180.610656738	-33.146391183
-178.527832031	-33.160327929
-176.296234131	-33.610935009
-173.717498779	-33.598665962
-170.989990234	-33.551547033
-169.155120850	-33.786887771
-166.973114014	-33.638887342
-163.898468018	-33.477250901
-162.311553955	-33.428153126
-159.385681152	-33.566358990
-157.154083252	-33.504680619
-155.517578125	-33.246179280
-152.839660645	-33.444904965
-149.864196777	-33.456605108
-146.938323975	-33.164912952
-145.103454590	-33.248077598
-143.218994141	-33.291350104
-140.392303467	-33.254143810
-138.259887695	-33.211230892
-135.334014893	-33.245551081
-133.201599121	-33.288059780
-130.573272705	-33.240265867
-127.300262451	-33.201739669
-125.614166260	-33.333383013
-123.332977295	-33.253384885
-120.605468750	-33.224872998
-119.068145752	-33.271459817
-116.291046143	-33.279685491
-114.208221436	-33.209423108
-111.381530762	-33.186604430
-108.654022217	-33.164765216
-106.868743896	-33.126228730
-103.942871094	-33.082941871
-101.463317871	-33.044657070
-99.330902100	-33.025665754
-96.900939941	-33.103438152
-94.272613525	-32.957964585
-91.743469238	-32.913126165
-89.561462402	-33.029514508
-87.181091309	-32.998782174
-83.709716797	-32.916177463
-82.519531250	-32.965279804
-79.147338867	-32.982600956
-76.965332031	-32.921691210
-74.237823486	-32.848513629
-72.154998779	-32.971135563
-69.328308105	-32.986167290
-67.543029785	-32.725222957
-64.220428467	-32.902553458
-62.782287598	-32.965761029
-59.955596924	-32.642049037
-57.773590088	-32.736376063
-54.302215576	-32.839497633
-52.864074707	-32.786845669
-49.690246582	-32.612290260
-47.061920166	-32.609685501
-44.334411621	-32.820314690
-42.499542236	-32.495120642
-39.623260498	-32.395795855
-38.036346436	-32.820018129
-35.259246826	-32.454653312
-31.837463379	-32.335416696
-30.052185059	-32.676243109
-27.969360352	-32.557702841
-25.291442871	-32.388061946
-22.960662842	-32.453710975
-19.886016846	-32.561615389
-17.803192139	-32.420658404
-14.827728271	-32.017969614
-13.687133789	-32.235795255
-9.967803955	-32.225310852
-7.884979248	-31.631727136
-5.107879639	-31.947438052
-3.223419189	-32.050042504
-0.743865967	-31.618905018
2.033233643	-31.578033781
4.463195801	-31.609666744
5.802154541	-31.696223207
8.033752441	-31.283171611
10.959625244	-31.234558095
13.389587402	-31.645107230
15.621185303	-31.080149163
18.993377686	-30.873047668
20.282745361	-31.398017041
23.456573486	-30.991470231
26.283264160	-30.793929242
28.266906738	-31.007659380
30.647277832	-30.958389666
32.978057861	-30.739760458
35.308837891	-30.590054773
37.590026855	-30.792621069
41.507720947	-30.667158644
43.540954590	-30.144017235
45.673370361	-30.400856751
48.351287842	-30.362270705
50.434112549	-29.661976887
53.012847900	-29.825767568
55.839538574	-29.865643024
58.319091797	-29.581768025
60.600280762	-29.308698068
64.022064209	-29.150121921
65.807342529	-29.243885149
67.741394043	-28.605617954
70.468902588	-28.422934583
73.295593262	-28.917571480
75.874328613	-28.447767237
77.907562256	-28.323010463
81.230163574	-28.718312201
83.164215088	-28.442954381
86.387634277	-28.221170489
88.073730469	-28.284509520
90.702056885	-28.192076011
93.627929688	-27.865841853
95.661163330	-27.478030221
98.686218262	-27.500169382
100.471496582	-27.266737234
103.000640869	-26.658354475
105.926513672	-26.800185680
108.207702637	-26.728679809
110.340118408	-26.300216916
113.365173340	-26.270428735
115.993499756	-26.308565989
118.968963623	-26.306599216
120.258331299	-26.063805255
123.828887939	-25.998275827
125.514984131	-26.222847355
128.192901611	-25.970104031
130.870819092	-25.874893787
133.102416992	-26.137431457
135.730743408	-25.982854403
138.656616211	-25.852824826
140.590667725	-25.892493888
143.566131592	-25.872406388
146.392822266	-25.759074030
147.384643555	-25.679396301
150.756835938	-25.722072998
154.079437256	-25.646906857
155.517578125	-25.458340930
158.443450928	-25.503358806
161.121368408	-25.473170223
163.402557373	-25.347222943
166.080474854	-25.334830399
168.510437012	-25.308092334
170.989990234	-25.335984565
173.767089844	-25.271867954
176.345825195	-25.237780395
177.883148193	-25.276364696
180.362701416	-25.286389026
183.238983154	-25.304639906
185.520172119	-25.204915945
188.793182373	-25.313421163
190.727233887	-25.356036524
193.305969238	-25.197245434
195.289611816	-25.304541781
198.413848877	-25.375085082
200.447082520	-25.229829164
203.571319580	-25.079995254
205.902099609	-25.123143327
207.935333252	-25.240864421
210.861206055	-25.133101161
213.340759277	-25.155836626
215.621948242	-25.429965823
218.051910400	-25.170791979
221.870422363	-25.071569950
222.862243652	-25.386741918
225.490570068	-25.192795898
228.416442871	-24.999995749
230.201721191	-25.077407324
233.623504639	-25.050152424
236.450195312	-24.774728796
238.582611084	-24.390237075
240.615844727	-24.716166461
242.897033691	-24.930614806
246.021270752	-24.573090975
247.261047363	-24.987231564
250.930786133	-25.180374606
253.013610840	-24.863541254
255.046844482	-25.069528096
258.121490479	-25.198792716
260.055541992	-25.042021778
262.435913086	-24.963696103
266.056060791	-25.062336640
267.791748047	-25.362028263
270.767211914	-24.982381079
273.296356201	-24.891286162
274.982452393	-25.389642067
277.759552002	-24.931536454
280.586242676	-24.669994402
282.669067383	-25.086913845
285.545349121	-24.908711483
288.272857666	-24.803725918
290.554046631	-24.946649411
292.884826660	-25.194696892
295.612335205	-25.139015156
297.595977783	-24.684882411
300.670623779	-25.139814571
302.852630615	-25.196600721
305.580139160	-24.582332779
308.109283447	-24.962280555
310.539245605	-25.071201599
312.324523926	-24.624615077
315.448760986	-24.691131426
317.878723145	-24.826008600
320.011138916	-24.712309626
323.730468750	-24.499614664
325.763702393	-24.558994865
327.301025391	-24.961213993
330.326080322	-24.539191017
333.251953125	-24.473607908
334.838867188	-25.051220555
337.516784668	-24.748616425
340.839385986	-24.615051236
342.128753662	-24.987446764
345.054626465	-24.997608702
347.682952881	-24.869001384
349.964141846	-24.696163712
352.890014648	-25.071064402
355.468750000	-25.064677217
357.006072998	-24.555101411
359.634399414	-25.011102900
361.865997314	-25.066491529
364.147186279	-24.573220199
367.271423340	-24.759353536
